posimg/640.jpg 2 3216 393 92 88  3372 2047 96 78  
posimg/771.jpg 4 2800 1420 49 62  3285 1910 56 84  3326 1694 50 76  2446 874 72 42  
posimg/387.jpg 2 1003 732 68 80  1504 736 65 84  
posimg/592.jpg 2 630 1064 69 63  611 781 71 56  
posimg/205.jpg 13 2021 1107 66 63  2447 2122 69 68  1512 783 69 66  1436 1799 80 79  951 1011 77 51  1771 1176 56 82  1056 912 49 66  757 698 71 56  3144 1741 84 87  1363 786 71 53  2185 2050 86 70  1625 1377 53 61  630 1567 62 57  
posimg/211.jpg 13 2178 764 61 70  1604 1912 67 99  1977 2410 55 87  1914 1402 76 73  2292 934 87 88  1687 1509 79 81  1678 3128 66 88  2470 1583 81 88  2114 485 92 81  2330 1366 91 59  2288 725 65 68  1635 1783 99 76  1895 2713 81 49  
posimg/468.jpg 3 3104 734 81 88  3206 1179 64 89  2558 1560 66 83  
posimg/417.jpg 6 2051 3264 73 42  684 2830 78 82  2548 2909 70 58  1431 2824 49 73  1348 3014 67 87  1259 2714 62 70  
posimg/420.jpg 6 2172 928 88 97  3227 636 93 79  2060 1802 83 99  3671 2145 93 96  2691 2899 93 71  1702 2081 83 65  
posimg/673.jpg 1 4807 1746 53 71  
posimg/662.jpg 6 2640 2077 91 70  1345 2317 87 73  2743 2418 88 61  1961 2429 79 52  1824 2065 94 65  2245 1627 59 99  
posimg/549.jpg 3 2093 2410 68 56  2860 2714 65 67  3243 2137 63 82  
posimg/772.jpg 1 2714 2630 70 58  
posimg/8.jpg 10 2631 297 59 61  2506 1513 82 59  2633 943 84 56  2087 1253 95 51  2595 678 52 73  2218 929 57 95  2717 1123 82 56  2811 477 62 39  2238 1672 70 40  2189 719 51 90  
posimg/832.jpg 2 2603 2415 98 84  2833 2137 64 71  
posimg/439.jpg 3 1762 1331 99 74  1756 1419 82 80  1873 1548 82 71  
posimg/604.jpg 10 2960 1049 54 91  3291 1238 70 58  3331 2657 55 74  3599 3007 67 59  3192 1815 80 75  3598 2881 87 51  3475 2819 64 58  2884 1363 77 55  3193 2101 82 89  3398 2749 85 40  
posimg/342.jpg 2 3135 1751 82 66  3242 1495 78 99  
posimg/238.jpg 5 1370 2593 51 66  1234 2288 70 87  984 1102 43 75  1180 3254 91 47  2327 3230 62 63  
posimg/501.jpg 2 3559 3218 69 52  3385 3342 89 51  
posimg/284.jpg 1 4082 800 93 44  
posimg/524.jpg 3 3941 2006 77 84  3643 1767 74 74  2093 2799 71 87  
posimg/492.jpg 1 2335 738 52 83  
posimg/371.jpg 2 2756 2932 79 81  3118 1954 80 42  
posimg/48.jpg 7 4091 1348 86 51  3394 2010 97 59  3653 2387 90 58  4108 1311 68 58  4181 814 59 84  3696 1880 66 50  4058 1198 74 86  
posimg/842.jpg 5 2987 2187 61 85  1863 1758 73 95  1554 2945 94 90  1302 3125 55 77  2621 1337 76 61  
posimg/487.jpg 3 1370 1717 64 37  1796 636 70 90  1305 1912 64 64  
posimg/859.jpg 4 3651 2856 95 93  3498 2685 67 70  3450 2839 83 79  3465 3326 82 85  
posimg/93.jpg 14 3910 1475 87 68  2994 1764 84 92  2817 882 89 93  2824 2898 91 56  2483 2752 65 55  4234 1311 66 52  2212 2624 86 83  2754 1580 85 85  2385 3402 70 61  3944 1398 61 52  3821 1564 70 54  4076 1446 52 70  5558 1553 57 48  1779 2144 73 64  
posimg/370.jpg 9 3318 2864 81 67  4688 3085 69 46  4241 2997 77 56  4538 2944 66 76  4703 2861 92 63  3482 3355 86 60  4388 2448 68 53  2094 685 91 61  4550 2376 78 67  
posimg/656.jpg 1 2589 1858 51 64  
posimg/394.jpg 3 1793 1521 65 41  2222 978 65 52  1914 1431 73 47  
posimg/243.jpg 4 2174 1401 45 65  2259 1057 87 75  1997 1006 81 91  2042 711 55 77  
posimg/540.jpg 18 3034 3021 63 90  3118 2221 91 66  1647 2436 82 88  1683 2207 61 95  2139 483 60 63  2122 2940 89 85  2307 1428 59 70  2686 1080 84 83  1767 2220 86 89  2038 1951 63 98  1782 2537 82 76  2263 2405 63 90  2075 2297 72 60  2195 2644 68 64  2175 2522 52 97  3459 130 68 93  1862 1993 60 93  1910 410 57 92  
posimg/161.jpg 3 1942 1494 75 60  2127 903 59 66  2215 1214 80 73  
posimg/466.jpg 2 2199 1336 92 70  2330 1773 58 71  
posimg/704.jpg 19 3259 1767 90 91  4040 1407 53 65  3179 2296 67 77  1237 936 87 75  945 588 63 75  3503 2239 87 76  4274 2340 65 96  1891 2285 83 79  3930 1618 81 80  2536 1416 67 86  3538 1064 53 76  3386 1065 66 82  2056 2574 59 96  3237 2059 58 82  2768 1772 73 92  4926 1442 50 86  2250 843 71 83  2468 1975 70 52  1524 1224 81 61  
posimg/732.jpg 8 867 1138 77 82  1492 2522 81 84  2277 639 72 51  1509 2561 62 79  1466 1299 77 57  1432 2590 80 40  3011 568 74 88  1402 2616 94 47  
posimg/830.jpg 6 3177 2671 90 62  3218 1896 64 69  3235 2501 52 66  2594 2733 70 60  3152 2368 50 75  3170 2496 67 68  
posimg/883.jpg 3 2250 3170 80 66  2648 856 76 41  4005 3077 67 78  
posimg/512.jpg 2 1034 3484 78 86  2213 2185 93 63  
posimg/577.jpg 2 4529 67 70 56  4497 0 88 64  
posimg/629.jpg 8 4637 2522 91 71  4830 2909 55 75  4660 2213 74 90  4490 1210 93 46  4545 2984 62 56  5041 3187 44 82  4288 1631 77 93  4513 1868 51 70  
posimg/827.jpg 2 2026 2402 99 76  936 196 77 62  
posimg/891.jpg 3 2734 481 80 90  1493 2294 88 83  3127 536 80 86  
posimg/516.jpg 4 3062 3473 93 92  1872 3385 79 88  2706 2814 62 91  2201 3672 50 66  
posimg/945.jpg 3 1391 2862 84 52  0 1331 83 73  920 750 99 82  
posimg/481.jpg 2 3971 1182 85 94  3395 207 75 83  
posimg/364.jpg 3 2626 1653 83 59  2808 716 67 56  3099 902 94 65  
posimg/618.jpg 19 3050 1952 71 95  3185 1610 57 76  2158 1747 92 53  2605 1986 88 80  2421 2145 60 96  2961 1172 80 82  2752 1347 70 95  3494 1273 83 83  3805 1576 67 90  3054 1559 90 74  2785 1684 57 87  2335 1433 81 58  1981 1162 70 57  2392 1714 88 69  2110 2013 47 62  2179 1264 89 59  2167 1017 89 73  2574 1601 79 62  4016 1267 63 94  
posimg/854.jpg 1 4354 1047 81 62  
posimg/819.jpg 2 2645 1384 65 43  2823 1370 63 49  
posimg/353.jpg 8 2380 1305 51 81  1991 1243 56 91  2504 1870 65 92  2275 840 67 53  1504 1672 48 80  3049 2031 52 94  2830 1457 77 40  1783 1541 61 43  
posimg/63.jpg 23 2726 1415 78 54  3352 2156 68 68  1988 1413 64 72  3046 3120 74 49  3016 3354 75 59  2118 1538 64 81  4125 3386 52 64  3360 3184 74 52  1975 1056 89 77  3998 3087 80 64  3013 3043 86 59  1445 2419 88 80  1590 2411 80 57  2943 3035 50 63  3174 2910 67 77  3948 2612 73 73  2987 3234 84 57  2270 3074 77 81  1962 2197 52 92  2428 926 89 82  3009 2963 64 65  2926 2169 47 83  2955 3317 78 69  
posimg/860.jpg 1 1343 2212 82 79  
posimg/19.jpg 8 2452 465 67 42  2919 1013 58 90  2850 689 52 62  3164 2029 69 64  2294 375 62 71  1974 815 71 56  2745 1255 42 71  2641 1726 83 46  
posimg/603.jpg 2 2128 977 98 63  2349 829 46 76  
posimg/307.jpg 8 3671 1500 81 51  3813 2012 73 53  3611 1775 96 51  3982 2612 62 65  3362 1469 72 69  3214 1872 67 69  3508 2448 70 59  3806 3452 51 81  
posimg/316.jpg 1 4229 1460 87 63  
posimg/784.jpg 11 2191 2624 92 91  2490 476 86 89  2456 3171 65 71  2546 2265 54 87  2365 3065 90 65  2238 2817 85 78  2416 934 59 80  2108 2786 73 58  2092 2181 66 68  2518 1697 88 85  2241 1189 56 72  
posimg/734.jpg 1 2731 559 75 47  
posimg/522.jpg 7 60 1094 98 56  357 2219 96 55  685 1999 84 67  676 2645 59 88  724 2854 59 67  58 1497 55 64  400 2328 49 62  
posimg/498.jpg 1 3929 1972 62 50  
posimg/272.jpg 2 11 2106 93 72  195 2414 69 82  
posimg/910.jpg 12 2146 1558 86 53  2619 2805 77 42  2343 1836 49 73  1870 2360 40 89  2565 1793 82 48  2171 2678 58 71  1762 1975 86 54  2238 2645 82 81  1828 2330 61 61  2623 2639 69 59  1857 2042 64 66  2119 2739 69 52  
posimg/705.jpg 3 2810 537 96 65  2616 995 73 82  2343 1249 82 47  
posimg/681.jpg 3 2191 2495 66 79  2676 2714 65 55  4071 1778 58 62  
posimg/852.jpg 14 2592 769 82 53  2947 1654 55 78  2180 1798 52 96  4640 2942 97 81  4573 2678 54 63  2279 1763 66 61  4697 3030 74 62  4639 3065 63 75  4569 3156 78 88  4483 3212 63 89  4592 2479 44 82  2948 326 65 49  4700 2956 87 97  4496 3158 75 57  
posimg/153.jpg 32 4030 1665 84 71  5270 1827 80 48  4203 1973 79 62  3384 1814 89 72  2450 3103 83 78  2636 3023 67 74  3201 1913 88 64  3952 1933 80 66  4233 1904 77 89  5144 1436 73 92  3498 2479 98 83  3723 2022 65 82  4092 3118 78 52  2503 3088 70 56  4999 2048 71 59  4131 1960 76 87  2976 1983 64 65  3826 2840 92 53  4742 2022 73 51  2527 3137 47 62  4697 1922 54 90  2574 2490 61 79  4175 1943 66 44  2489 3239 64 63  3982 1754 85 48  4939 1542 99 51  3878 1958 65 74  2732 2585 70 80  4275 1824 67 56  3158 1827 82 72  4626 1865 65 73  4859 1931 70 95  
posimg/847.jpg 14 4188 1424 95 76  2471 1614 87 56  3072 1034 56 80  2759 47 64 99  3343 2629 73 95  4509 194 50 77  2623 3232 55 98  3905 2942 59 80  2390 1451 56 98  2540 502 94 64  4200 1080 69 99  3922 2105 75 81  3079 3364 76 72  2618 607 79 74  
posimg/711.jpg 8 2117 991 67 86  2582 1665 55 67  2368 1482 56 77  3140 2024 73 45  2241 1124 65 82  2359 1362 62 61  479 1811 77 61  2427 1339 63 60  
posimg/36.jpg 14 1503 1438 81 90  1526 1711 72 56  1418 2050 86 93  1503 1868 60 84  1568 1001 66 82  1430 1799 94 64  1449 1543 76 80  1427 1697 58 67  1507 1184 92 86  1579 1171 44 67  1498 967 58 63  1554 1516 57 80  1501 1309 65 35  1617 744 67 56  
posimg/326.jpg 1 2431 1290 69 51  
posimg/245.jpg 3 3964 1144 51 66  3393 2274 76 50  3254 2714 43 71  
posimg/754.jpg 1 2314 1057 53 64  
posimg/685.jpg 14 5527 1328 74 86  4754 3622 94 51  5419 2515 71 57  5215 2571 43 76  5498 1880 64 83  4653 3562 56 86  5190 2398 55 73  5340 2700 63 48  5226 2407 62 66  5150 3008 75 59  5169 2912 62 49  5281 2820 66 50  5273 2987 68 43  5016 2941 89 50  
posimg/636.jpg 2 949 812 84 51  922 964 51 66  
posimg/814.jpg 6 1691 2236 52 68  480 2934 86 79  1807 1948 86 50  1721 2212 67 89  3799 124 79 66  3660 176 72 50  
posimg/671.jpg 1 159 262 90 56  
posimg/400.jpg 1 1518 1452 65 49  
posimg/889.jpg 6 3554 496 51 78  3358 866 70 58  3381 1185 60 65  3151 514 88 49  3489 329 69 54  3207 783 77 53  
posimg/261.jpg 4 4578 2357 57 99  4248 1896 83 58  4595 2503 47 78  4438 2142 91 59  
posimg/293.jpg 8 3504 112 84 94  3909 126 54 64  3812 264 51 66  3179 419 65 64  3166 1244 98 48  3959 791 62 52  3232 1856 60 76  4406 866 72 71  
posimg/519.jpg 7 4291 1169 61 39  4221 2272 62 96  4117 2782 89 63  2928 1790 77 90  3367 1754 65 77  3339 1569 83 84  3418 1834 58 75  
posimg/504.jpg 1 4975 1709 80 58  
posimg/16.jpg 1 2066 1730 60 71  
posimg/871.jpg 21 2954 848 62 57  3075 1965 50 77  2384 1920 61 55  2575 561 73 73  2399 2044 47 67  2099 1454 65 50  2032 390 52 69  3466 1979 63 86  2230 466 68 51  2832 389 89 86  3057 14 78 51  1953 746 88 71  2221 80 91 70  2159 1448 67 46  2828 1228 63 70  2604 358 74 51  3354 2216 70 48  3175 1293 76 73  2404 606 68 49  2424 1496 76 70  2879 96 70 59  
posimg/864.jpg 10 3563 2217 96 72  4441 1846 80 49  4683 1480 51 74  3770 2863 63 54  4192 292 46 93  4714 3409 78 71  4089 2399 76 46  3835 980 52 68  4552 307 70 75  4472 2590 63 55  
posimg/646.jpg 1 2312 485 62 50  
posimg/159.jpg 3 627 65 78 55  1130 575 62 55  1415 1453 81 41  
posimg/67.jpg 1 677 1285 76 53  
posimg/533.jpg 4 454 788 69 71  351 792 89 46  406 861 72 43  154 602 70 53  
posimg/416.jpg 23 1166 3099 43 74  1473 894 97 62  148 621 69 97  655 200 85 41  927 2767 92 62  1462 2439 78 67  677 2239 80 55  857 2391 69 60  1640 1892 77 84  1322 1410 60 93  1174 2961 50 66  119 1032 80 50  2021 2357 59 69  1628 1650 62 88  1804 1923 94 84  1775 670 73 48  1238 2551 68 79  1931 3114 38 61  1274 2899 66 51  830 1188 92 96  1764 1557 68 72  1890 3212 75 66  662 2328 85 73  
posimg/409.jpg 2 5402 1431 51 73  4924 581 55 83  
posimg/805.jpg 10 2300 37 66 62  2097 1297 43 73  1152 135 67 62  676 687 49 83  1397 1242 72 54  966 1775 70 72  619 1443 58 84  1515 851 66 54  1053 1287 62 54  1592 264 73 39  
posimg/679.jpg 11 2947 709 86 52  2310 2329 95 53  2261 1408 53 87  2039 2306 64 82  2960 253 69 48  2887 1224 88 53  3155 563 62 79  3257 343 67 54  2672 1588 55 78  2395 1261 63 81  2655 184 47 72  
posimg/114.jpg 12 3930 2623 88 76  3869 1879 59 73  3435 2703 63 74  4609 3157 86 85  3235 2990 76 56  4784 2613 81 59  3868 1431 64 81  3988 2040 59 68  4584 1851 74 69  3662 3105 54 70  4969 2474 75 50  4909 2548 87 55  
posimg/567.jpg 4 1867 2435 94 72  2279 2811 65 95  2524 2675 76 71  1215 1900 58 65  
posimg/576.jpg 7 2070 1618 51 74  2186 1599 76 64  2768 2556 67 73  2552 2336 85 71  2254 1673 79 51  2542 1674 53 67  2318 1620 65 84  
posimg/890.jpg 1 2169 2381 73 58  
posimg/505.jpg 4 1481 1898 67 49  1537 1970 69 62  1528 1771 88 50  1624 1981 79 57  
posimg/676.jpg 13 3908 2326 83 79  1632 1658 63 96  1962 1003 96 97  2732 1056 63 78  1394 1701 71 95  3432 1910 89 59  4144 2903 49 93  3682 2205 62 80  3423 2087 78 74  4299 2388 76 65  2538 1088 70 92  3904 2647 55 69  4090 2247 53 98  
posimg/691.jpg 1 767 2762 73 43  
posimg/217.jpg 3 1480 255 70 96  3143 2698 64 56  1509 2451 73 73  
posimg/397.jpg 2 2737 1892 97 64  1100 1183 70 90  
posimg/286.jpg 4 713 1187 64 55  768 2436 65 45  798 3538 95 76  778 2823 76 73  
posimg/745.jpg 31 3191 2038 76 72  2932 2538 84 47  3056 2258 76 83  4450 2935 66 63  2820 1187 75 56  1526 2239 68 50  1990 1949 73 50  3658 2257 79 49  2258 1563 54 91  4452 2608 48 94  2736 2668 60 82  4366 2084 74 43  2874 1376 88 62  4256 2521 73 79  3238 1037 91 59  1694 1635 75 69  2417 789 87 53  2381 2308 83 62  3232 926 66 61  2373 1592 87 65  3941 2083 75 63  3832 2546 70 89  3347 1582 91 71  3898 1856 69 57  3177 2319 63 92  2301 879 75 59  2981 1983 78 50  4757 3026 65 41  2316 2078 63 43  4201 2870 75 47  2139 2515 87 47  
posimg/171.jpg 6 4656 852 73 56  4485 1641 40 71  3985 1065 67 89  4161 1091 82 77  4438 1135 77 69  4223 773 77 57  
posimg/451.jpg 3 4837 2801 57 97  4917 1057 76 59  4707 996 49 96  
posimg/102.jpg 1 0 2586 22 72  
posimg/53.jpg 1 4622 1124 55 83  
posimg/28.jpg 1 2320 1324 90 79  
posimg/70.jpg 15 2396 3559 50 62  1776 3078 67 74  1504 1760 75 65  2008 3326 83 47  2052 3121 83 55  1804 2260 50 98  2564 2916 65 67  1457 1508 66 52  2365 2711 80 77  2145 2131 44 75  1765 479 81 50  1852 2880 49 61  2122 3309 58 77  2060 966 50 72  2341 3274 52 79  
posimg/546.jpg 2 397 2422 63 89  591 2277 80 65  
posimg/733.jpg 1 800 576 94 83  
posimg/677.jpg 4 4580 741 45 69  3468 2896 87 79  3108 2885 70 91  3060 1690 75 61  
posimg/360.jpg 3 3770 560 95 81  3787 1786 64 62  3754 2582 83 59  
posimg/119.jpg 3 992 1206 91 89  1937 681 88 90  1713 754 75 66  
posimg/896.jpg 2 1408 2955 99 55  1227 2020 60 63  
posimg/121.jpg 4 4262 1235 63 55  2203 1871 87 78  1561 1043 76 88  808 2512 73 81  
posimg/305.jpg 1 4066 1841 99 68  
posimg/665.jpg 6 90 2481 47 68  1988 2314 75 55  390 2584 62 46  249 2483 85 47  139 2512 66 69  296 2431 61 75  
posimg/411.jpg 10 240 923 61 70  322 1763 52 90  394 1348 56 77  154 1313 87 58  519 1780 94 56  278 2436 62 64  486 2622 59 89  75 1555 56 65  315 2245 76 81  385 1166 51 78  
posimg/787.jpg 5 3780 1455 54 82  3686 1468 51 67  3529 2001 48 73  3942 2850 43 81  3626 1505 41 66  
posimg/309.jpg 1 814 1441 78 82  
posimg/433.jpg 2 3386 2111 68 78  3428 1827 67 67  
posimg/104.jpg 3 2210 1154 67 49  3653 2312 54 77  3762 1938 76 49  
posimg/613.jpg 9 1155 429 62 82  1482 1602 83 99  2200 815 82 49  1451 1798 59 80  1592 892 76 74  1557 1389 48 82  3191 3080 84 67  1398 1926 54 70  1588 983 64 72  
posimg/109.jpg 5 2450 1821 79 52  2431 2100 52 78  2376 2946 74 54  2468 1426 53 71  3067 1173 88 57  
posimg/378.jpg 2 4388 1370 64 43  4465 1522 76 52  
posimg/584.jpg 4 5563 1192 52 77  5212 1328 55 74  4636 1190 81 75  3486 1631 95 82  
posimg/25.jpg 2 2861 524 83 55  2958 1029 82 55  
posimg/932.jpg 9 2954 3312 82 91  3993 1896 91 51  569 1428 71 92  3677 210 49 89  2845 629 61 70  2579 2854 53 66  706 1446 40 78  4162 112 67 58  3645 380 69 85  
posimg/239.jpg 5 2024 945 56 70  2039 827 83 87  1941 1703 99 54  1639 1630 69 45  2124 897 64 61  
posimg/493.jpg 14 2826 1084 83 62  3190 1161 77 59  2826 3093 68 99  3151 950 62 85  2846 1390 94 68  2984 809 74 77  2539 1478 82 87  3158 1192 73 83  3602 1218 80 59  3215 2362 90 78  3369 1540 89 51  2776 2750 77 73  3063 643 73 68  3412 1417 67 69  
posimg/823.jpg 8 2043 2301 77 75  2103 1398 85 56  2228 3425 68 79  2049 881 70 76  1896 934 73 48  2228 996 80 56  2790 3117 65 68  2230 1118 82 61  
posimg/160.jpg 12 2969 476 94 52  2813 591 87 83  2417 1232 89 56  2352 1465 70 81  3498 743 44 88  3549 219 79 80  3308 831 95 44  3209 1273 76 72  2652 433 58 90  3451 576 79 69  2551 889 82 70  3526 1044 56 82  
posimg/602.jpg 15 2589 2992 90 76  2267 191 96 53  2363 1603 82 58  2429 1823 44 89  2186 596 56 94  1915 989 70 51  2288 269 74 50  2401 1771 59 90  2028 906 83 60  2311 603 53 67  2317 640 59 78  2278 230 77 50  1966 1070 51 65  2231 605 46 67  2288 478 80 79  
posimg/354.jpg 2 3590 828 77 62  4818 2414 59 75  
posimg/41.jpg 11 3174 949 74 86  2269 2292 67 63  3280 1782 89 57  3322 1610 78 57  3084 2323 66 50  2866 1814 79 62  2537 2151 91 54  2701 1532 76 81  3226 2066 80 43  2727 2474 64 87  3406 1303 79 53  
posimg/156.jpg 2 2800 741 44 61  2733 1653 48 71  
posimg/226.jpg 13 3385 2439 78 94  1216 1916 45 61  3053 875 99 64  4511 1320 69 62  1139 1255 84 60  1483 18 70 53  1755 1335 70 53  2299 122 93 64  2305 543 67 77  2316 1292 48 84  1786 1802 74 80  666 2703 91 47  2581 3013 62 46  
posimg/831.jpg 2 3886 1442 95 55  3896 741 67 83  
posimg/912.jpg 20 1596 1155 99 64  1367 380 81 56  1514 80 64 63  2432 99 67 89  2888 433 75 49  2611 812 82 78  2691 116 65 88  1125 923 77 65  2145 1266 51 68  3011 1094 66 72  2269 2495 80 57  2251 551 90 73  1054 464 52 81  1575 827 61 71  965 149 87 60  2003 849 53 91  2655 2296 82 73  3080 804 47 66  1523 1320 72 50  2442 280 62 64  
posimg/407.jpg 4 3414 1974 59 94  3668 2614 51 76  3060 3188 74 56  1882 2176 83 52  
posimg/515.jpg 6 4228 2023 71 93  2483 2518 74 43  2988 2091 83 63  4104 2080 79 82  4771 2705 90 62  4557 1868 58 78  
posimg/853.jpg 1 1533 1922 96 82  
posimg/824.jpg 5 3332 414 80 87  3432 511 86 64  3931 552 73 88  3550 1018 47 95  2685 2206 67 78  
posimg/90.jpg 1 2763 2085 96 54  
posimg/183.jpg 8 2309 1912 52 84  2521 2193 73 70  1096 1190 96 84  1976 2135 74 73  3478 2354 44 71  1596 1608 64 44  3501 2315 78 40  2842 2417 73 46  
posimg/212.jpg 9 1555 834 56 68  1654 1165 58 79  440 307 51 89  3227 2436 82 56  1442 1083 63 84  3396 2213 69 48  1558 1030 47 81  2756 2325 85 71  3358 2136 52 70  
posimg/848.jpg 1 3391 2306 91 57  
posimg/942.jpg 6 1858 2126 75 94  1474 2083 65 76  1626 2009 52 65  1627 2210 72 70  1880 2405 88 46  1968 1994 71 57  
posimg/776.jpg 5 2329 2122 87 85  2163 3156 89 77  1357 1276 78 98  3358 1548 88 70  642 1079 77 60  
posimg/126.jpg 40 2814 1716 77 67  4958 2693 74 74  4631 3168 64 80  3577 610 85 65  3082 2385 70 73  4739 2440 90 67  5496 1992 68 75  2473 1764 58 80  2186 2723 69 80  4113 3315 81 56  3196 1603 65 77  5216 3432 55 82  5323 3224 60 65  3864 2442 81 55  5441 2711 51 83  3304 14 63 68  3558 2417 66 62  4446 2403 66 72  3704 2314 73 88  5152 1966 54 95  4882 1812 65 53  5366 1717 48 66  4939 2212 86 68  3442 2867 84 83  3745 3204 87 70  2712 2387 85 77  3082 2949 65 80  3815 362 61 55  3795 2534 57 87  5187 2167 73 55  5069 2044 58 76  5375 1856 51 71  5149 2178 47 89  5290 2812 69 57  5011 2354 85 61  5251 2118 50 77  5029 2315 70 64  5268 1849 66 78  3803 1319 51 78  2692 1418 55 68  
posimg/76.jpg 4 3525 206 87 99  3565 433 91 66  3026 294 66 72  3254 1828 55 90  
posimg/303.jpg 3 3882 846 70 83  3479 1399 57 79  4066 932 44 65  
posimg/718.jpg 10 3208 3513 98 65  1677 2242 69 82  1843 1560 91 99  2222 3434 75 88  1537 2195 85 69  2828 1928 98 67  2355 2816 84 97  3562 747 55 83  2186 1838 52 87  2575 1595 80 83  
posimg/236.jpg 2 5344 2159 49 87  4761 1887 88 61  
posimg/511.jpg 3 2650 2362 90 95  2797 1787 56 88  3045 2484 81 84  
posimg/923.jpg 7 1166 1950 83 74  2000 1479 72 85  986 1706 61 63  1296 1698 70 82  1313 1381 47 70  2110 1874 39 73  968 2320 63 48  
posimg/185.jpg 1 1540 1191 65 70  
posimg/569.jpg 18 1228 595 98 69  1617 1611 60 68  2505 1729 77 53  3042 1826 73 46  2671 1681 83 62  1074 988 83 59  1975 993 92 58  2537 1402 75 60  3048 1384 70 74  1907 1836 50 80  2047 1501 65 81  3047 1144 80 58  1379 1210 84 87  2490 1870 81 65  1964 1376 54 85  2096 2024 97 65  2553 2655 61 47  3350 1286 51 62  
posimg/186.jpg 4 3069 1280 72 77  2584 933 58 74  3418 1720 52 80  2203 1066 78 70  
posimg/862.jpg 4 834 1626 75 87  1981 1782 68 93  1822 1838 56 94  2731 2255 80 61  
posimg/528.jpg 3 0 1091 69 78  1144 854 93 85  791 1631 97 91  
posimg/283.jpg 5 2519 41 77 59  2619 96 79 96  2282 656 92 83  2348 701 77 83  2384 485 50 73  
posimg/851.jpg 2 316 2073 45 65  264 2031 40 68  
posimg/518.jpg 6 2359 1928 89 86  2169 1781 90 62  2564 1152 90 73  2474 1790 53 85  3037 820 84 67  2981 840 67 42  
posimg/894.jpg 1 892 1575 89 80  
posimg/237.jpg 1 643 1475 62 57  
posimg/263.jpg 10 2435 1627 66 76  2478 2019 59 97  2412 1839 82 71  2912 2084 58 64  3385 1263 71 87  2883 1482 69 63  3096 1724 65 69  2911 1712 98 87  3328 1461 73 76  2178 1289 57 98  
posimg/136.jpg 7 1586 2006 88 80  2121 2790 76 53  1995 2496 62 59  1870 2506 53 91  2279 2902 73 82  2735 2808 52 82  2478 2928 64 62  
posimg/599.jpg 4 3195 116 85 73  3064 170 97 57  3233 230 97 69  2886 1530 95 66  
posimg/722.jpg 19 3199 315 74 75  1794 1271 88 58  2682 1310 71 70  2806 640 76 94  2412 175 95 72  3187 670 88 66  3182 1543 53 94  3364 354 56 88  2204 1311 93 86  1120 896 77 68  2801 409 88 67  2248 235 69 71  3263 1113 84 57  4230 944 91 53  2361 1922 93 74  2434 2151 83 59  1002 200 77 64  4130 428 73 42  3989 626 71 48  
posimg/84.jpg 2 3574 1099 52 91  3437 1454 70 41  
posimg/118.jpg 1 511 3035 63 60  
posimg/115.jpg 10 1580 2093 57 78  1140 399 54 69  1543 780 64 65  1329 332 71 77  1722 2864 72 67  1924 1310 47 81  721 626 47 65  779 753 90 43  1616 2151 71 76  1750 1604 60 64  
posimg/196.jpg 17 3053 680 53 77  3231 1618 83 53  3144 1376 73 73  2839 25 64 83  3119 234 61 78  2826 606 79 55  2998 1985 76 52  2853 1126 73 66  3018 813 69 59  2967 1653 68 48  2718 1441 71 78  2437 2283 46 75  2762 1819 65 45  2706 1233 49 69  2712 1071 76 50  2623 849 69 48  2638 2340 77 44  
posimg/710.jpg 6 3236 459 58 83  2585 2873 48 69  2998 1540 94 51  2555 3392 62 96  3710 0 69 42  4332 447 51 73  
posimg/786.jpg 3 1258 97 43 65  1109 879 63 50  396 1966 77 58  
posimg/308.jpg 1 3508 1493 80 74  
posimg/486.jpg 2 615 1881 73 61  594 900 71 63  
posimg/562.jpg 1 3217 2098 88 92  
posimg/47.jpg 16 3500 1375 93 80  3701 2804 83 55  3541 2818 50 61  3795 1726 69 62  3673 2989 92 71  1516 2267 71 81  2729 1333 81 56  3599 2894 61 55  1115 1169 96 95  887 1154 56 76  2473 1268 81 51  2644 920 80 69  709 1323 55 95  4862 2805 53 90  1075 1306 94 40  1183 1378 57 82  
posimg/401.jpg 14 393 2055 82 48  266 1368 62 71  458 1815 49 77  616 1382 74 42  338 2002 78 85  193 1726 63 67  510 1122 87 71  1630 216 72 54  422 1200 62 57  1534 170 59 65  133 1576 82 60  441 2208 53 66  374 1522 72 62  337 2298 71 61  
posimg/131.jpg 4 2807 2269 60 78  3298 3520 66 55  2720 2277 62 68  3083 3276 80 48  
posimg/349.jpg 24 2368 2106 90 82  3096 920 85 66  3144 1371 79 72  3078 2644 77 87  3246 2100 51 61  3354 1998 59 79  3035 1268 68 80  2144 1296 74 79  3116 1148 92 62  3159 1038 72 94  2953 2743 89 73  3086 858 79 55  3228 1703 70 71  3256 1113 55 63  3170 1629 76 59  3020 2532 77 82  3043 1306 90 93  3090 1709 85 51  2532 2515 67 88  3190 982 62 94  2923 1450 63 66  3253 1819 61 76  3001 2688 92 76  2836 2052 92 63  
posimg/333.jpg 2 2847 2118 78 51  3003 1971 54 68  
posimg/426.jpg 6 570 239 78 50  2177 2730 63 61  1976 3049 51 78  2634 3138 73 52  1653 3215 61 64  822 2377 47 62  
posimg/666.jpg 2 3552 1708 54 64  3470 1683 50 69  
posimg/801.jpg 8 3924 3510 78 56  3900 1775 51 87  3890 2783 60 74  3543 2989 55 70  3388 2461 61 56  3275 2986 76 58  3814 2602 61 63  2968 2189 51 63  
posimg/907.jpg 4 1936 1943 54 83  2197 1284 61 69  1180 1960 62 64  2107 979 68 43  
posimg/791.jpg 7 2385 331 85 53  2440 1027 97 58  2491 538 85 55  2243 847 68 47  2015 2754 77 73  2117 2984 78 52  1671 2200 61 52  
posimg/908.jpg 3 2572 1731 51 74  1491 1868 62 73  3597 1830 61 67  
posimg/240.jpg 21 3502 1283 51 78  3129 1366 55 90  3166 1823 96 65  3438 1808 82 70  2768 2300 79 75  3487 803 83 57  3290 599 97 62  3620 2606 79 47  3950 371 64 50  3804 538 98 62  3206 1484 57 66  3722 1488 62 43  3888 1056 50 73  3082 1859 61 91  3572 2051 98 57  3546 3080 90 54  3624 129 65 76  3417 1150 78 74  3178 2526 53 73  3685 3 94 45  3068 2006 56 64  
posimg/386.jpg 1 2863 2497 60 65  
posimg/735.jpg 3 1473 3240 73 64  1572 2064 62 98  1562 3111 63 64  
posimg/758.jpg 2 1559 1743 83 69  1945 1916 50 61  
posimg/555.jpg 4 1148 2461 70 77  1179 3174 63 96  1174 3022 90 99  1316 2946 81 74  
posimg/496.jpg 1 1753 2558 75 72  
posimg/152.jpg 5 2924 2073 94 76  2095 1057 94 55  2578 1579 68 69  1874 2813 63 86  2072 229 44 63  
posimg/332.jpg 10 3653 1524 91 53  4064 1728 70 50  3539 1355 61 85  4575 1617 65 85  3174 628 58 84  4071 465 68 49  1819 1283 81 61  3017 1282 61 66  1570 1495 69 69  5146 1035 71 56  
posimg/279.jpg 1 3995 1407 63 95  
posimg/571.jpg 1 1457 2107 64 86  
posimg/54.jpg 4 1504 1479 89 88  1247 969 66 74  1222 1270 71 65  1362 1367 51 65  
posimg/684.jpg 7 4211 1032 70 99  2629 451 94 83  1359 1685 87 56  3876 1076 69 98  2427 1124 75 84  2166 687 95 71  3429 1819 98 55  
posimg/680.jpg 19 3448 3171 56 74  2996 2071 67 44  3794 3251 82 57  3056 1531 81 67  3268 3040 79 72  3112 1862 46 68  3307 1843 86 79  4014 1733 68 48  3363 2531 67 65  3017 2935 73 65  4053 2368 88 54  3581 1743 55 72  3397 1613 72 80  3649 618 60 67  3810 2993 73 54  3263 945 59 80  3850 1163 60 77  4068 863 55 78  3083 1103 74 54  
posimg/423.jpg 2 2073 2962 42 74  2253 2920 45 67  
posimg/278.jpg 4 4675 998 57 64  4389 1232 67 66  2444 843 70 93  3630 936 79 78  
posimg/23.jpg 1 2699 2097 42 71  
posimg/678.jpg 7 2408 2035 92 58  2180 1604 66 57  2250 2061 77 52  2324 2476 78 48  1976 1193 57 85  2152 1451 64 48  2367 1870 75 89  
posimg/203.jpg 7 3366 953 56 92  3027 1747 83 78  2822 486 67 93  2783 1353 90 72  3764 330 49 84  4788 1564 50 66  2943 372 61 40  
posimg/789.jpg 3 3770 1719 86 84  2982 2009 65 81  3959 574 97 48  
posimg/193.jpg 1 4044 2383 69 50  
posimg/228.jpg 6 2787 1278 53 69  1858 1780 43 69  2355 1225 89 81  2330 1192 52 76  1693 1307 49 65  1804 1446 53 69  
posimg/657.jpg 1 1800 1627 68 81  
posimg/396.jpg 9 4326 1606 75 74  4333 1459 65 99  3848 1064 71 55  4354 1335 65 91  3951 1209 67 63  4363 1699 90 59  3817 979 68 93  4122 1568 42 66  4275 1603 69 78  
posimg/335.jpg 30 1988 1035 75 88  1829 2551 59 99  1720 1502 80 52  1566 1587 61 77  1975 858 75 46  1656 1882 71 50  1095 2014 76 90  2201 741 69 97  1705 312 75 99  1722 1849 64 70  865 1849 79 55  1657 2221 58 77  1615 2733 59 98  1689 3166 74 56  1720 1009 49 61  1761 338 98 85  2568 1352 73 34  1520 1518 68 49  2150 1671 54 77  1474 1974 59 87  2266 829 81 50  2158 981 55 91  1804 2973 85 92  2011 1876 79 67  1138 2040 65 78  1456 1754 68 81  1542 1150 79 53  2325 1179 81 44  2188 1982 87 60  1314 1732 57 71  
posimg/620.jpg 8 3876 1043 95 71  3916 371 99 92  3588 1500 84 77  4254 944 84 51  3362 3036 87 67  3809 362 52 66  2897 2422 48 79  3723 2193 99 71  
posimg/113.jpg 4 1066 958 68 63  1100 729 48 68  1223 701 76 58  1177 598 72 86  
posimg/476.jpg 4 1533 1414 61 66  1677 829 76 49  1571 1804 72 84  1493 1059 59 70  
posimg/336.jpg 4 5203 225 79 86  5334 788 58 79  450 1824 54 85  3828 2640 77 44  
posimg/728.jpg 4 2551 543 78 50  3831 2214 63 66  881 1911 80 73  4117 904 76 93  
posimg/596.jpg 7 3528 1769 89 69  2514 1634 86 57  2359 2148 95 58  2593 2166 61 94  3392 1683 66 68  3756 1270 71 41  3300 2725 52 75  
posimg/281.jpg 6 4655 1560 86 47  3398 619 55 64  3427 814 81 81  3014 1218 43 72  4855 1025 99 68  4846 1294 69 63  
posimg/746.jpg 1 4439 3003 56 85  
posimg/444.jpg 4 619 899 98 75  330 2830 83 59  141 3708 74 34  430 1361 83 94  
posimg/753.jpg 3 2347 1591 90 67  1615 1237 80 87  2340 2130 49 80  
posimg/916.jpg 1 2350 2793 98 64  
posimg/304.jpg 4 4783 1720 71 85  5076 426 56 81  5283 2149 65 70  4975 2067 65 55  
posimg/150.jpg 1 2868 2772 86 60  
posimg/391.jpg 1 2704 2264 84 87  
posimg/529.jpg 2 3610 449 62 37  3416 1476 45 61  
posimg/312.jpg 2 703 513 68 48  75 667 43 73  
posimg/22.jpg 1 3572 2195 68 51  
posimg/273.jpg 6 2860 847 66 78  2579 1592 62 88  3089 2253 65 51  3849 1618 58 93  3412 2268 64 39  3156 1778 63 48  
posimg/543.jpg 3 1771 1648 70 58  2599 524 81 82  2379 3460 67 69  
posimg/742.jpg 3 1631 1155 77 87  1703 238 60 89  2576 574 76 73  
posimg/271.jpg 28 3424 1583 67 83  2789 1509 93 53  2857 1761 74 99  2080 1861 89 86  2156 2245 67 58  3725 1388 64 82  2032 1719 88 56  3052 2236 86 66  3337 1196 66 85  4262 2333 58 62  3659 1859 81 75  2607 2563 69 93  4010 2569 53 64  2161 2476 81 59  1445 1099 99 56  3360 2318 91 64  2408 2478 73 61  3649 1083 94 72  3130 1698 92 83  1840 2178 57 94  4140 1444 56 83  2252 1531 61 92  2231 2023 96 85  3389 2576 75 53  2867 2562 56 87  3954 2714 65 49  1993 2412 79 51  4406 1535 70 71  
posimg/855.jpg 4 3300 2231 87 57  1840 2331 82 71  3100 1969 84 68  2240 2358 78 39  
posimg/79.jpg 10 2306 1223 59 66  2414 2980 65 92  2135 2310 49 87  3273 2363 82 70  4437 2700 65 82  3502 1233 69 96  3324 908 75 73  2759 132 79 48  3137 1734 96 70  4274 1657 43 72  
posimg/482.jpg 6 3588 2338 70 99  4644 3395 52 75  3868 2756 59 86  5344 1507 91 56  3706 3238 84 70  4582 2227 58 83  
posimg/287.jpg 10 3042 2412 83 94  3045 2512 95 68  2862 1896 67 56  2907 2514 98 91  2988 2668 87 54  2936 2200 82 87  2867 2194 58 83  2935 2346 82 85  2929 2054 72 65  2943 2412 65 84  
posimg/399.jpg 16 2470 1248 73 69  2145 1725 82 85  2846 1718 81 82  2510 1589 72 73  2894 1155 65 48  2797 2168 49 72  2218 1214 60 65  1997 1510 65 53  2092 1196 66 60  2307 1385 75 52  2790 1180 66 41  2770 1488 65 48  2031 1334 65 54  2375 1652 81 40  2084 1549 67 51  2074 1816 51 64  
posimg/755.jpg 12 3466 2553 64 63  2822 2352 51 86  3101 2091 85 58  2841 1971 44 73  2986 2135 85 71  2720 2910 62 66  2998 1908 55 76  2744 2491 85 58  2922 2471 51 61  3176 2175 92 60  2872 1840 80 85  2839 1848 48 68  
posimg/52.jpg 3 2315 1359 64 97  2683 1583 70 52  1771 1573 91 51  
posimg/609.jpg 3 3946 61 95 47  3459 392 84 49  3315 910 72 88  
posimg/545.jpg 6 2262 180 56 75  2286 326 41 64  727 2635 77 78  2450 102 69 61  865 2373 61 64  2171 302 64 66  
posimg/352.jpg 2 1820 1574 85 91  2328 2961 88 81  
posimg/412.jpg 9 2946 3420 69 54  636 2522 78 84  2562 834 84 49  678 2066 46 75  3187 3352 42 75  3096 191 72 59  3488 141 51 65  3242 3157 53 70  725 2384 40 72  
posimg/820.jpg 5 1320 2268 54 85  1794 1673 76 73  2161 2688 46 95  2212 2468 62 50  2683 2580 61 55  
posimg/20.jpg 9 3312 2080 89 89  2735 2061 66 66  2153 1219 85 99  2117 1753 79 83  3079 2017 94 72  2589 2158 79 56  2503 1892 91 72  2970 2476 96 67  2705 2157 76 54  
posimg/398.jpg 3 708 1792 59 87  2436 427 87 45  3 1876 45 61  
posimg/80.jpg 9 3505 1812 58 72  3223 1284 49 69  3615 2110 48 74  3610 2061 86 55  3161 1678 87 53  3062 1450 72 55  3222 1443 54 81  3670 2238 44 75  3638 2308 73 59  
posimg/872.jpg 10 3944 832 49 90  3954 1310 65 86  3642 1155 67 45  3079 1064 54 91  3548 1160 49 82  3843 761 58 61  3517 685 79 60  3256 724 78 89  3204 827 69 92  2894 923 84 92  
posimg/488.jpg 1 3465 1286 64 49  
posimg/698.jpg 1 4068 1428 77 73  
posimg/748.jpg 3 2893 770 40 63  2767 757 73 47  2734 670 61 75  
posimg/880.jpg 2 3721 2503 97 56  3502 2564 42 70  
posimg/535.jpg 3 2244 2428 88 61  4525 1576 65 74  2092 2332 83 61  
posimg/556.jpg 17 2724 3582 64 83  2989 1247 64 50  2609 3536 67 67  3561 1896 81 87  3314 1738 98 81  3530 1138 68 37  2831 1929 75 75  2768 3297 72 92  2735 2852 62 89  3992 2306 95 91  3375 3066 59 61  1302 287 85 65  3374 3484 91 88  4064 2482 63 86  1663 1966 89 87  3626 2051 49 78  2561 2810 60 86  
posimg/166.jpg 9 3897 883 52 78  3520 1908 86 58  3418 2025 66 47  3379 2223 66 46  3266 2630 55 68  3858 1401 71 84  3228 2265 68 77  2955 2604 82 46  3790 1447 59 73  
posimg/725.jpg 1 1609 1058 88 77  
posimg/26.jpg 6 811 2332 70 64  2863 1863 86 49  966 2724 53 69  693 2398 51 71  1156 2598 66 73  2707 1545 73 47  
posimg/103.jpg 1 1474 1798 77 71  
posimg/715.jpg 1 703 1333 66 50  
posimg/650.jpg 24 4321 2429 92 77  4448 2198 66 97  3889 2707 59 66  4576 2031 85 68  3486 2718 97 69  3550 876 53 87  3708 2569 62 84  3004 2789 56 74  4183 2528 75 77  3199 2750 57 93  4087 2553 65 73  2922 2844 78 62  3239 3000 52 76  3354 2850 95 74  2942 2712 55 80  3693 2690 74 72  3141 2683 68 48  3305 2617 66 80  3285 2927 69 73  3941 2668 84 42  4137 2629 75 84  4104 2663 53 74  3592 2819 91 48  3094 2797 65 92  
posimg/817.jpg 4 3250 1662 53 69  3684 2083 62 71  3293 1956 64 77  3573 1465 68 77  
posimg/322.jpg 5 4237 595 58 80  3654 1991 87 74  2034 772 72 84  2681 0 50 52  1166 1979 92 56  
posimg/254.jpg 4 2828 3285 99 78  2930 989 96 52  2662 1739 92 80  980 948 83 78  
posimg/924.jpg 10 3835 2219 65 58  3581 1944 67 87  1 938 89 83  1700 1583 73 74  378 1704 96 69  2359 1430 71 74  829 909 78 70  1 1825 72 39  1910 2249 64 83  4084 196 73 78  
posimg/790.jpg 7 3497 1303 44 71  2459 61 59 61  2411 870 80 52  2940 530 76 78  1968 1847 78 73  2186 1336 91 71  3717 1813 50 65  
posimg/601.jpg 3 3972 2378 47 67  4495 1914 68 41  4114 1984 43 75  
posimg/588.jpg 6 1236 1223 72 67  1051 1218 61 40  1353 1293 64 46  1328 1372 65 46  1323 1413 66 58  1285 1267 62 39  
posimg/944.jpg 4 783 1652 68 48  1094 1626 51 62  2429 2513 68 51  1229 1008 78 55  
posimg/633.jpg 1 1849 895 79 97  
posimg/714.jpg 12 2288 2440 90 64  3284 2380 73 59  2845 3373 57 88  2798 1589 54 86  1948 3210 60 65  4054 2020 92 51  2230 2020 59 69  2785 2759 83 69  1863 1791 79 52  2530 1826 54 93  3538 1407 57 72  3144 2522 67 67  
posimg/427.jpg 4 2663 2077 65 44  2970 2570 47 83  2971 1568 62 66  2819 1717 85 50  
posimg/46.jpg 2 5539 1412 55 64  5456 1299 67 64  
posimg/141.jpg 14 3174 3259 53 65  2904 3355 73 78  2642 3629 96 85  2576 1970 92 80  1721 3292 97 66  2378 1163 89 86  1777 1264 82 59  2604 2451 92 72  2397 1284 90 83  2422 1728 58 62  2895 3541 78 47  2638 2368 95 64  2464 2031 83 82  2496 1154 73 87  
posimg/213.jpg 11 1963 1976 72 87  3337 806 67 49  2866 1739 73 90  3066 1313 52 85  2450 1100 94 60  2874 2384 73 41  3206 1212 58 72  4428 1413 50 66  3148 1247 65 73  3260 1295 57 70  3201 1131 69 54  
posimg/920.jpg 10 2406 1546 74 50  1759 2237 76 51  2597 1594 45 66  1816 1170 51 75  2041 2285 60 80  2084 1939 86 65  1714 1006 88 62  1201 1320 48 72  799 765 64 67  1380 1556 46 83  
posimg/347.jpg 57 1906 2740 61 84  2138 2840 56 80  1320 1338 73 72  2200 2137 66 95  524 1466 80 81  1076 1941 70 84  2240 2664 59 74  1613 1940 48 76  1051 1654 45 75  2041 3069 55 79  886 1689 92 55  1139 738 81 77  1842 1785 61 66  2264 2920 52 76  1187 1956 67 62  1030 218 86 58  546 1110 77 47  1468 1710 66 66  1122 2265 44 93  1399 846 57 72  941 1346 54 88  2084 2271 59 73  859 272 58 96  1272 1466 66 63  1144 1621 72 60  1790 1750 63 98  1289 1544 62 61  1904 1847 48 69  1535 2777 72 72  691 751 68 83  822 1046 79 51  892 1279 79 60  2970 2442 56 85  1845 2825 90 66  983 1500 69 65  1040 2398 55 77  950 1158 78 45  1138 1056 75 54  220 459 97 56  1412 995 50 85  1124 2099 80 50  2050 2592 50 83  982 825 73 45  838 1321 63 56  1973 2307 77 56  874 1068 83 43  1448 1671 76 64  1230 858 46 85  1449 1443 52 81  2011 1764 54 70  1145 1101 85 80  1944 2620 57 70  2008 2504 70 69  938 1567 64 51  1072 151 67 59  1848 1147 75 74  2701 2291 39 69  
posimg/0.jpg 38 2430 1628 82 80  1505 2389 75 55  1888 2952 90 92  1914 2165 87 63  2590 288 61 53  1174 1900 91 84  1339 1017 52 70  4882 1755 60 94  3678 1636 87 60  1616 1822 88 63  3376 1333 85 89  1783 382 89 75  2266 1073 70 59  2681 568 90 80  1951 1347 94 67  2317 3695 65 47  2233 3217 75 80  2940 1853 61 77  645 3003 77 86  4635 1657 41 96  2863 363 67 90  2087 1821 90 77  3528 934 85 96  3278 408 71 86  4052 2864 74 80  4762 2386 81 87  2513 1197 96 62  1287 1744 74 75  834 3307 57 90  4336 943 71 63  2744 2305 43 66  3997 3054 65 61  4940 1219 76 54  2714 1296 82 55  5303 1892 80 96  1008 1445 59 62  2834 1066 64 94  2807 724 72 64  
posimg/850.jpg 14 4255 313 87 90  3929 1536 69 78  3946 290 78 72  4544 2013 70 73  4189 1465 52 94  4178 1747 73 69  4034 1472 46 90  2837 1693 88 61  4601 1296 80 69  4082 868 63 97  4426 1023 67 97  4554 1138 71 87  3826 1320 80 69  4557 1488 74 81  
posimg/446.jpg 7 2584 3078 75 90  2802 2859 57 94  2603 2560 68 73  2433 2659 86 77  2195 2844 70 91  2123 1813 60 73  2447 1773 72 49  
posimg/849.jpg 3 2547 1645 72 65  2859 1453 96 62  2728 892 69 56  
posimg/369.jpg 33 1596 1649 81 82  2188 2175 98 79  1931 2273 60 80  1847 2296 61 84  1768 2738 64 69  1829 2528 73 75  1892 3054 70 78  1589 3380 51 77  1421 3403 76 63  1553 1751 88 73  1130 3590 71 74  1888 2011 85 50  1635 2874 65 70  1304 3065 81 56  1495 2912 62 82  1446 3118 73 63  1880 2746 72 77  1882 2991 81 76  2034 562 60 95  1910 2203 94 64  1505 3089 83 72  1422 3003 69 96  1537 3162 95 54  1447 3582 62 87  1784 1724 80 72  1906 2039 87 72  1462 3175 68 86  1814 984 70 80  1246 3635 78 63  1337 3004 64 87  1737 2873 95 59  1956 1216 63 65  1974 3174 51 96  
posimg/760.jpg 17 2790 2220 52 69  3273 2044 79 71  3413 2534 62 90  3196 2219 86 57  3175 2626 64 78  2897 2183 85 59  2812 1456 81 53  3634 2517 76 78  2982 2417 64 79  3363 1680 92 93  3329 2168 66 72  2913 1688 73 49  3478 1888 63 76  3311 2124 69 58  2904 2290 93 55  2790 2014 83 47  2942 2233 78 58  
posimg/532.jpg 2 4300 2387 57 80  4395 2985 74 59  
posimg/844.jpg 14 2152 1625 75 72  2440 1716 71 77  2887 417 70 67  2981 645 79 58  2620 1287 56 79  2541 346 88 67  2104 1412 67 87  2284 692 74 49  2349 571 77 77  2391 456 80 47  1589 1417 62 48  2193 542 80 49  2146 1501 80 64  2379 1601 73 63  
posimg/358.jpg 2 1169 2694 53 86  1104 2708 82 67  
posimg/108.jpg 2 1177 2355 62 44  856 2545 79 93  
posimg/514.jpg 3 2866 2381 51 66  2843 1945 87 60  3030 1622 66 45  
posimg/208.jpg 7 2869 2035 52 69  1751 294 48 80  2345 999 81 56  1595 439 87 57  2882 2371 64 43  2800 1652 60 82  1934 924 75 73  
posimg/937.jpg 6 1962 989 71 98  3414 2087 61 88  3330 2098 69 61  2076 1093 59 98  2083 1186 55 92  2258 792 92 59  
posimg/17.jpg 2 1413 1775 83 52  1220 1792 71 83  
posimg/792.jpg 4 2144 419 97 81  1886 2278 73 91  1596 588 78 82  1369 1849 86 81  
posimg/246.jpg 8 1864 1769 74 73  8 1827 55 77  2161 2516 88 67  2576 3018 54 84  1345 1260 57 85  2925 3378 67 90  859 2094 79 54  1992 1271 64 42  
posimg/259.jpg 4 230 417 70 88  703 769 69 72  308 183 58 81  518 1166 83 92  
posimg/415.jpg 3 2003 1866 57 82  2196 2014 60 69  596 2899 75 60  
posimg/757.jpg 1 1551 1573 53 79  
posimg/257.jpg 3 4714 3166 71 88  3977 150 61 50  3139 580 70 47  
posimg/174.jpg 4 3487 3216 77 77  3394 3597 87 75  3209 3549 95 76  3517 3508 67 43  
posimg/651.jpg 1 3316 2364 56 63  
posimg/838.jpg 25 3993 1870 87 60  2449 2522 80 83  2353 2327 95 80  2861 2310 69 95  2142 1862 59 95  3014 2910 98 75  3619 1094 62 95  2970 3120 94 63  2697 2757 90 54  3427 3427 70 82  4028 2671 75 47  3190 1280 77 71  2955 1228 99 57  3418 1164 99 50  3172 1504 69 86  3986 1215 65 81  2226 3119 80 63  3654 1932 78 74  4026 2616 69 63  2418 1433 72 91  3449 1337 75 78  3438 1654 75 81  2408 2846 82 79  4256 2642 56 89  4109 1294 68 78  
posimg/628.jpg 6 718 2676 48 68  1464 2306 65 71  187 2638 57 80  6 2694 72 67  1246 2956 67 55  470 1800 67 70  
posimg/868.jpg 2 2008 738 76 62  2242 592 65 41  
posimg/155.jpg 23 4052 2856 99 77  5215 283 79 65  1767 2177 68 90  3351 2731 75 89  3926 2968 86 66  3184 2831 53 76  4061 2175 95 93  3541 3138 79 80  3364 3322 93 64  3273 2956 54 95  3759 1978 49 91  3074 3038 83 67  3527 2518 55 87  3555 3238 90 76  4450 404 72 67  4869 937 76 49  4157 1683 78 43  3619 2201 70 55  4776 1258 78 68  4768 292 70 97  4608 609 84 61  3212 1898 62 72  4308 1756 57 74  
posimg/55.jpg 4 4063 1047 48 61  3618 1206 56 78  4046 1476 84 75  3633 1922 46 84  
posimg/747.jpg 14 1874 2899 62 78  2096 1626 78 41  2042 2780 77 86  2838 971 96 64  2602 2745 66 60  1943 1386 59 72  2453 891 75 96  1741 966 88 80  1838 558 88 91  2792 519 77 60  2817 1720 89 55  2579 1196 56 65  2064 2183 82 70  2120 2590 80 51  
posimg/768.jpg 1 3115 333 43 66  
posimg/471.jpg 2 0 1287 45 86  83 831 61 81  
posimg/615.jpg 1 3252 1092 64 42  
posimg/608.jpg 1 3034 2608 80 52  
posimg/91.jpg 10 2973 886 62 80  3229 1210 94 75  1256 1434 94 64  2383 434 77 65  3378 280 98 55  2766 2077 79 47  2713 898 81 54  1608 945 88 86  681 2575 60 99  449 2831 88 74  
posimg/413.jpg 7 1405 868 79 85  1414 707 87 86  1110 2922 96 69  1916 1432 84 66  1691 2052 97 61  1230 2654 92 67  1133 1867 73 56  
posimg/752.jpg 2 4588 1141 65 75  2536 2951 73 76  
posimg/341.jpg 1 5446 3226 42 67  
posimg/313.jpg 3 1726 1952 96 97  4266 1690 69 58  4151 1834 77 62  
posimg/324.jpg 1 2624 2391 56 82  
posimg/590.jpg 44 5004 1174 89 75  4179 1752 57 91  5077 824 80 59  4812 1337 86 53  3707 2330 67 59  3500 442 68 94  3279 1424 90 51  4533 2235 61 81  3946 2121 68 71  3605 1615 67 51  3374 1121 96 80  2598 1179 82 64  3177 944 60 68  4618 597 80 49  3806 847 80 58  3693 154 69 55  3596 2074 91 52  5431 1176 71 89  3820 1597 72 65  2878 2277 85 67  2707 1723 86 60  4174 703 53 66  3051 1794 86 61  4393 1507 79 71  3241 2415 64 59  3592 2332 80 52  4371 12 75 56  4321 1758 83 51  4981 1762 77 80  4365 2017 60 69  4677 1131 54 84  2646 1595 77 57  4192 1406 93 54  3831 2452 58 84  4803 1627 95 64  4504 2527 58 71  5004 1616 84 60  5027 2227 78 74  3922 2525 84 59  2702 457 62 47  5277 2940 75 68  5526 570 72 84  4346 440 83 64  4770 87 73 86  
posimg/694.jpg 4 3552 1639 81 58  3389 1598 69 47  3113 1611 83 66  3300 1735 61 42  
posimg/730.jpg 4 1757 2721 81 60  1936 553 91 48  1723 2093 66 69  2134 1111 65 47  
posimg/35.jpg 4 2990 676 64 59  2932 1672 76 84  2987 93 90 62  2972 1256 87 49  
posimg/802.jpg 8 2071 2118 66 63  1079 1975 46 92  1681 1800 98 73  1350 2207 57 91  4693 2677 68 52  4977 2774 44 73  4845 2646 56 77  4867 2593 42 81  
posimg/125.jpg 3 4096 2904 87 47  4057 2070 58 97  4112 2931 75 61  
posimg/209.jpg 9 1891 1916 67 67  700 1749 68 76  1952 893 74 61  525 2064 76 71  767 1673 69 71  222 2331 53 77  191 2256 56 73  240 1626 52 92  283 2553 99 49  
posimg/893.jpg 3 312 2462 55 68  448 1727 53 67  85 2857 75 63  
posimg/96.jpg 7 3216 1176 77 52  2894 873 89 78  3076 1334 72 45  2904 1186 76 53  3168 1371 76 59  2799 1256 81 99  2487 799 62 77  
posimg/919.jpg 7 2271 1799 71 60  3222 2363 58 76  2523 2287 62 94  3433 2228 72 71  1951 1229 81 73  2680 1613 65 85  2193 1631 51 79  
posimg/107.jpg 12 813 1758 94 66  19 1865 69 73  549 1830 88 63  0 1673 29 63  370 2164 80 69  1242 2230 51 87  1013 2263 80 58  949 2896 80 89  1122 2147 84 62  1183 2436 58 62  842 2372 84 59  885 2215 70 47  
posimg/440.jpg 14 1876 908 89 66  1804 650 77 57  916 1455 64 48  247 2194 96 59  444 1787 76 57  508 1255 80 42  671 1563 71 51  940 2138 83 76  391 1722 78 63  1460 778 47 78  1186 1623 45 78  1190 3054 80 85  601 1302 80 71  1634 1200 69 90  
posimg/12.jpg 15 3270 2394 70 89  3241 593 75 88  2461 732 79 67  3008 888 60 76  3320 1257 70 87  3569 2889 95 60  3706 2964 89 61  3591 2717 82 45  3691 2676 86 57  3519 2768 74 46  3277 3218 75 62  3819 2676 85 82  3436 3184 92 44  2935 1703 90 59  3878 2841 85 64  
posimg/11.jpg 6 3445 1361 92 70  2805 656 68 95  2803 3303 69 58  3083 1228 57 63  3318 1359 87 58  3128 1385 81 96  
posimg/719.jpg 2 3406 1698 75 52  3470 1808 78 85  
posimg/703.jpg 2 1904 1950 68 60  787 1851 66 58  
posimg/191.jpg 5 4121 2441 78 79  5104 959 35 70  4375 2756 50 73  4445 2766 60 68  4378 1793 78 57  
posimg/736.jpg 30 2492 2237 78 57  3533 661 94 46  2504 931 56 64  3252 1926 67 85  3334 1669 90 65  1875 662 76 58  2858 2503 86 59  1746 907 58 68  1730 1234 77 46  3180 1785 65 58  1812 806 63 57  2251 2584 62 50  1718 766 87 77  1675 529 66 57  1606 1007 70 58  2290 2546 75 68  3254 2036 65 50  1622 588 54 67  1573 853 71 45  3069 740 49 97  1943 998 80 64  3039 1346 43 84  3009 600 63 92  3124 729 68 61  1579 712 84 74  2242 2523 83 84  1727 710 68 46  1337 995 72 60  1404 282 77 59  1619 792 60 64  
posimg/538.jpg 8 1325 449 69 57  2731 1974 86 53  1879 2348 86 82  1982 2637 92 57  2292 2208 91 82  952 1473 64 96  1514 1484 80 61  1326 833 67 66  
posimg/357.jpg 4 2986 367 80 77  3067 2135 75 80  3071 2754 88 55  2947 136 76 61  
posimg/775.jpg 3 1448 1158 76 86  1787 1161 70 66  1884 2544 40 72  
posimg/812.jpg 1 3226 1215 63 64  
posimg/494.jpg 33 2920 830 79 80  2519 131 68 70  3328 154 91 73  4045 518 55 72  4967 1237 76 79  4928 1892 69 89  235 2738 74 71  2015 2428 53 72  5492 1758 71 78  4636 1382 49 92  4554 1684 89 67  390 2278 63 95  1402 2217 91 83  3082 2182 58 78  2961 1575 55 75  4054 1521 73 62  5054 1698 64 89  3101 2230 82 82  2734 1866 79 52  2958 579 71 70  2456 2137 92 84  2251 1611 90 92  4814 1352 77 64  4843 1252 53 91  5459 2059 61 74  5559 2342 56 63  2259 1871 66 68  2274 404 73 59  511 1649 99 70  1539 352 67 62  3146 2024 61 91  3333 2318 75 91  1020 2697 62 51  
posimg/27.jpg 4 1836 2026 78 83  2485 2043 60 68  2486 2314 84 53  1928 1786 94 64  
posimg/632.jpg 5 1906 1038 78 96  2426 1503 90 52  2428 1555 71 56  2347 1533 83 89  2454 1584 71 54  
posimg/51.jpg 10 1159 2132 59 73  1749 553 65 42  1231 2122 66 73  1322 2003 44 70  1237 2061 68 58  1079 2345 52 78  1059 2230 80 76  1320 2110 40 67  1418 2018 39 63  1048 2423 79 67  
posimg/367.jpg 14 3552 3013 72 51  3590 2869 75 52  3677 3187 69 74  3420 1948 93 65  4168 2875 67 53  3437 2249 69 74  3776 2622 93 65  3370 3148 72 44  3406 2569 51 83  3395 2437 75 61  3313 2948 54 61  3940 3062 89 59  3642 1022 52 93  4114 1780 96 56  
posimg/452.jpg 14 4389 1629 87 78  3522 876 75 96  4827 3099 96 98  4875 2781 78 97  2705 3065 75 56  4219 1791 62 85  2854 2637 53 96  3105 1830 67 97  2232 1412 44 80  3644 1458 93 64  2889 2809 60 68  2335 1679 83 83  3878 1061 77 95  3118 1964 66 82  
posimg/318.jpg 8 3942 471 87 77  3208 1961 99 50  4330 816 88 75  3879 875 48 66  4265 663 82 51  4314 394 56 77  3973 2402 47 68  4384 788 68 53  
posimg/724.jpg 36 1177 1772 80 54  636 2365 70 54  1840 1761 63 94  933 1564 96 57  764 2070 64 55  457 1874 76 71  1103 2081 81 85  584 1562 78 63  893 1889 94 56  314 2283 69 57  1536 2600 84 59  1803 2729 68 43  581 1901 54 98  1321 1523 78 57  553 1891 55 80  433 2325 64 62  378 2027 71 79  1212 2550 59 65  209 1789 69 66  1563 2146 71 81  846 1409 70 71  1002 1965 67 61  720 1517 42 62  896 1953 86 72  319 1894 89 64  968 2025 80 50  1099 2166 74 70  1175 1203 82 47  735 2645 66 64  1248 1852 67 71  188 889 81 48  1404 1142 75 82  828 2703 75 65  751 2196 75 73  755 1965 52 81  1387 2544 80 54  
posimg/707.jpg 13 2686 1113 72 97  2120 2206 78 64  3363 1876 71 44  2260 2357 90 60  1889 1607 93 58  1438 1443 80 67  2506 944 95 92  3209 1859 74 49  2026 2375 76 85  2673 2177 71 95  2570 843 92 66  1028 1028 71 98  2457 832 81 82  
posimg/483.jpg 1 3510 1452 78 51  
posimg/269.jpg 4 1036 2281 86 61  980 1866 65 95  664 1600 76 73  1019 1945 77 41  
posimg/625.jpg 25 2012 2240 69 67  1662 1624 61 73  3258 2647 64 56  1783 1242 45 84  2829 2386 70 79  1888 1152 66 65  1932 371 95 49  1847 857 64 72  3170 2267 76 83  1242 668 63 71  2055 1800 66 78  1822 2038 56 77  1239 1627 64 44  1994 1656 88 58  2011 784 91 53  2665 1140 76 51  1147 2382 91 54  1365 585 81 77  1920 2451 78 68  1821 2642 48 64  1220 1708 83 52  1581 706 82 70  1713 1393 63 77  1093 227 57 95  2164 1132 59 63  
posimg/845.jpg 3 904 1057 77 70  924 1150 90 70  624 1310 61 55  
posimg/813.jpg 2 2392 1158 73 92  2381 1582 57 68  
posimg/521.jpg 1 1654 2393 63 44  
posimg/137.jpg 5 2767 856 87 79  2914 2547 73 82  1604 562 76 77  3190 2983 65 74  1155 147 53 97  
posimg/699.jpg 18 702 1396 70 60  1501 1837 79 79  1779 888 75 91  1275 2359 79 95  1608 1332 86 70  1019 1808 96 79  1506 668 96 65  1986 1293 72 99  785 1671 72 87  994 2268 74 70  1084 2360 72 98  2074 1767 67 65  1618 2629 54 64  2197 1549 67 91  2217 2829 92 78  2091 529 65 47  1218 2140 79 85  676 1234 82 46  
posimg/478.jpg 11 4219 1899 74 66  4304 1778 76 63  3864 2107 89 83  4556 2419 66 86  3473 2377 90 66  5282 2445 79 77  5122 697 55 76  5278 731 88 50  5278 913 48 68  3686 2427 69 58  5405 1031 89 49  
posimg/130.jpg 27 988 2254 89 62  1262 1241 98 71  906 1221 91 58  1186 1175 56 81  1637 1409 95 82  893 1889 71 88  1116 1300 95 84  1910 1341 77 54  859 2191 41 73  760 1767 49 76  1215 1268 74 71  1147 1056 53 69  1439 1210 48 92  1158 2401 78 73  1314 1200 79 68  1671 1310 92 65  804 1914 40 77  1739 1178 52 69  1405 1481 75 85  1161 1471 89 44  1197 1278 71 97  957 1890 90 71  638 1659 82 65  1457 1279 89 66  1272 1191 40 66  1646 1366 69 48  1078 1266 90 51  
posimg/834.jpg 4 3606 1495 80 73  2186 1460 63 48  2127 1369 77 67  1462 1462 56 68  
posimg/199.jpg 1 4469 1878 71 55  
posimg/207.jpg 1 2505 1461 38 63  
posimg/112.jpg 16 3212 1126 79 52  3492 1540 49 82  3010 1572 90 48  4071 954 71 87  1961 2430 84 42  463 824 93 96  2243 1880 53 83  1478 935 60 77  2608 1482 71 71  2758 1361 83 42  2785 1271 63 68  2350 2109 76 50  3298 1293 66 82  358 115 79 81  4629 1240 69 65  3949 643 91 56  
posimg/262.jpg 2 990 1412 77 81  180 117 83 61  
posimg/163.jpg 11 3538 3262 63 47  5405 751 54 74  3974 2524 62 40  5255 893 87 57  3249 3204 64 70  4854 1146 86 57  3048 2899 61 82  4771 1296 51 93  4506 1056 51 84  3379 2625 81 76  4982 1231 49 63  
posimg/346.jpg 1 3355 2181 73 89  
posimg/95.jpg 4 2868 1324 46 64  2864 2279 66 42  3104 2358 76 52  3828 2142 75 53  
posimg/581.jpg 16 1967 855 62 92  4301 819 89 50  2969 1267 63 41  2791 1374 87 63  2853 1386 47 63  3500 1983 68 70  2755 1069 88 47  2943 1110 64 51  2833 724 54 86  3456 2476 85 75  2306 740 99 49  1734 3037 59 87  3162 1867 84 57  3374 2411 68 56  2902 1459 54 69  2454 1006 85 45  
posimg/457.jpg 2 3081 1464 51 95  3041 1650 53 96  
posimg/617.jpg 19 1238 1267 90 90  1704 853 93 55  54 2543 53 80  823 2608 76 59  714 2383 80 65  3974 952 91 61  661 1285 95 69  2035 3334 57 82  2681 1094 70 67  288 2621 84 58  2268 2268 84 54  1714 1937 58 82  2264 1130 55 82  3410 956 86 44  341 1998 92 80  1007 2085 73 70  1169 1884 79 74  1076 2753 72 50  2405 997 44 80  
posimg/723.jpg 6 3198 1209 89 77  2752 1370 61 82  3610 667 96 66  3138 1775 96 74  3532 177 73 79  2998 819 58 65  
posimg/351.jpg 1 2730 1446 62 65  
posimg/147.jpg 9 2179 884 59 72  1333 1214 94 91  1056 584 87 71  1819 138 99 70  1566 1002 56 76  1186 2075 68 50  2063 597 56 74  1494 2093 45 69  1598 2373 68 68  
posimg/537.jpg 3 1201 1910 68 88  1548 457 81 87  736 1568 88 79  
posimg/78.jpg 3 1938 140 71 66  1918 1681 74 94  1762 1385 81 54  
posimg/128.jpg 17 1258 1797 96 76  1121 1673 89 92  1756 2397 61 85  1796 1634 83 95  1684 1362 62 93  1628 2323 53 83  1752 2184 47 84  2068 2371 69 62  1372 2121 86 89  1562 2126 65 85  1187 2064 84 54  1884 1614 59 86  1065 929 62 98  1965 1440 49 88  897 1821 48 87  1386 1280 56 66  1493 1790 59 82  
posimg/83.jpg 4 4553 232 79 59  2865 1762 99 78  2919 1709 69 68  2828 1852 57 76  
posimg/75.jpg 2 1672 2115 76 59  1431 2062 65 52  
posimg/892.jpg 8 1013 381 95 89  2365 1952 57 75  166 1148 72 77  1083 2429 74 56  3250 335 75 87  3016 1067 96 88  3678 2016 85 78  2527 167 81 99  
posimg/702.jpg 3 4454 2958 76 97  3196 2837 61 59  2608 2982 68 80  
posimg/738.jpg 1 3867 2205 92 77  
posimg/393.jpg 8 2312 1406 87 75  855 812 74 67  1799 1110 79 91  1851 623 74 94  1782 383 62 78  559 131 61 64  1263 262 66 64  786 1399 83 71  
posimg/874.jpg 17 2501 1571 73 73  2872 2081 91 70  1519 3554 43 65  2606 1190 64 86  1531 2120 80 69  2188 2935 59 89  2680 2787 84 62  3258 3145 73 63  1184 2506 71 78  2869 2862 79 71  2848 2490 76 52  3510 1968 75 66  3293 2542 85 66  2240 3083 85 51  1638 1511 50 66  1680 2618 70 87  1835 2299 79 60  
posimg/450.jpg 1 4668 3275 83 43  
posimg/578.jpg 7 1995 266 52 68  4120 2897 62 72  1490 1042 92 67  1594 2307 82 64  1425 1748 81 89  2338 1493 68 56  1014 1818 67 67  
posimg/276.jpg 6 2541 2289 95 84  3090 2604 97 69  2928 2045 55 86  2397 2359 61 84  4852 3034 52 93  1983 2482 51 71  
posimg/689.jpg 1 1149 414 92 79  
posimg/255.jpg 3 936 1753 58 70  349 103 51 84  87 473 58 61  
posimg/453.jpg 3 2383 1914 76 63  4239 2388 77 56  2399 1758 50 90  
posimg/645.jpg 14 2618 967 67 52  1655 1052 82 64  1150 1391 97 49  1900 2557 67 68  1184 2486 70 47  1554 623 65 61  2639 2742 73 52  794 2075 65 69  2854 1896 95 52  1263 1018 96 63  2221 2571 74 60  2283 1253 68 68  1373 1948 45 87  3005 2621 65 64  
posimg/143.jpg 1 3668 419 33 66  
posimg/810.jpg 11 4559 2161 81 85  3845 1381 82 79  4695 1895 96 64  4059 1000 54 91  4073 3081 95 64  4089 2021 83 93  3734 2642 62 91  4870 2750 93 74  4180 1665 90 74  4799 1323 87 94  4743 2060 55 94  
posimg/642.jpg 3 4399 2181 54 64  4546 2842 46 70  2254 935 61 76  
posimg/885.jpg 2 2249 2286 63 40  2279 1890 53 63  
posimg/132.jpg 2 2692 767 56 82  2940 1384 44 71  
posimg/589.jpg 1 1091 1090 71 67  
posimg/828.jpg 13 3062 1958 81 93  4220 1914 55 70  3740 1652 95 83  3403 2225 80 97  2547 3108 74 86  2328 2397 82 87  3023 1734 96 77  4648 2033 47 84  3717 1065 85 77  4792 2107 69 94  4446 1762 66 92  3241 1756 47 69  4061 968 84 51  
posimg/190.jpg 1 3811 2571 77 68  
posimg/438.jpg 14 3619 1918 81 95  2018 2905 63 83  2998 1826 77 82  2146 2791 80 92  2004 1621 95 75  4006 1975 70 97  3233 1428 83 59  1894 2720 95 65  2190 2000 97 83  2039 2468 76 88  4731 2541 86 79  2178 1519 59 84  2686 1582 85 77  4870 1555 85 66  
posimg/799.jpg 8 1936 910 58 78  1936 623 80 57  1771 744 96 43  2125 927 62 73  2164 2864 66 73  1867 219 79 49  2183 593 67 47  1988 46 62 62  
posimg/6.jpg 3 992 2105 62 72  818 2097 89 70  1033 2070 40 84  
posimg/610.jpg 5 2247 850 93 91  2351 795 73 62  2327 754 75 60  2282 843 73 45  2402 924 79 54  
posimg/741.jpg 29 1072 240 89 50  1575 2987 61 71  1314 1637 79 65  2285 2850 85 58  1614 2411 59 83  1401 1010 71 45  1459 425 70 62  2754 2202 68 60  1612 2657 65 56  707 2240 64 50  997 3201 54 70  343 1147 63 80  1044 2618 85 59  787 1856 46 88  366 353 46 68  2020 241 81 63  749 891 79 57  1637 955 72 52  301 194 61 64  1084 1410 50 74  2086 2483 69 55  1725 718 72 64  1233 1971 76 63  927 462 63 67  1350 2111 67 96  152 674 50 66  1775 1430 49 70  2049 2742 53 67  130 842 62 59  
posimg/731.jpg 1 1697 2605 59 95  
posimg/804.jpg 5 4401 2501 77 56  2603 1870 94 64  2989 2003 84 68  2804 2346 86 84  3206 2248 89 53  
posimg/807.jpg 4 2160 1586 83 64  2578 1190 58 72  3303 590 71 79  3058 3013 80 90  
posimg/294.jpg 2 3192 1393 55 69  2935 1069 63 67  
posimg/15.jpg 3 2988 1698 49 62  2767 1596 93 91  2778 1687 69 74  
posimg/390.jpg 8 3409 2640 56 87  2938 1329 47 68  2353 1444 77 69  3482 1803 48 70  3458 3048 71 51  3046 2237 76 44  3305 2326 94 57  3703 1093 73 61  
posimg/88.jpg 3 2315 3078 68 66  1519 1644 54 87  1539 1955 95 87  
posimg/288.jpg 4 2708 1616 74 59  2872 1802 57 70  2868 1975 63 51  3204 1581 61 79  
posimg/339.jpg 2 650 1404 51 85  146 2520 73 61  
posimg/881.jpg 24 1809 377 78 66  622 1682 57 88  2454 1479 68 50  1795 704 73 68  933 105 69 44  1752 282 73 58  518 3176 82 75  1850 243 85 73  2462 1744 63 56  1505 2208 95 58  1050 1476 71 77  1285 2032 62 81  522 2181 96 56  550 2672 80 66  2548 2873 65 65  2458 2546 67 67  2530 1645 63 58  1980 231 62 50  2559 3211 73 50  2335 3222 73 73  742 1873 67 65  543 1760 72 77  392 2909 75 64  910 1847 87 51  
posimg/788.jpg 20 3622 729 73 89  4126 443 86 60  2655 1923 98 54  2932 1106 71 50  3824 620 47 67  3774 121 88 48  2792 1742 92 53  3987 1050 68 59  3973 56 85 69  3502 1638 52 77  2912 1338 81 48  3742 875 64 55  4585 883 63 74  2945 1978 77 59  2981 445 75 78  2987 1026 68 52  3968 336 53 73  3940 618 69 76  4077 295 52 67  3104 602 69 63  
posimg/863.jpg 1 245 2800 90 66  
posimg/169.jpg 5 1461 2390 92 78  2697 2135 69 67  3250 1998 58 65  2284 1092 72 60  2793 2473 44 68  
posimg/526.jpg 11 424 785 78 73  492 908 65 94  723 1162 62 57  2652 3515 58 72  2798 3235 66 87  2845 3399 84 66  2536 3420 72 80  2418 2847 69 89  2962 3626 50 89  2575 3102 64 77  2528 3001 74 68  
posimg/611.jpg 1 479 1290 68 58  
posimg/816.jpg 3 1773 506 67 69  2108 520 59 72  1736 879 63 87  
posimg/793.jpg 2 3573 1993 88 93  393 1473 76 75  
posimg/856.jpg 10 2505 3224 98 70  2663 1385 71 86  2379 2593 94 62  3037 1394 63 94  2430 1412 81 73  2153 1598 44 63  3017 1221 71 98  2604 3178 65 75  3351 3060 77 58  2488 1501 88 51  
posimg/176.jpg 12 336 1537 55 78  1437 2241 92 58  332 1995 59 84  302 1320 51 80  680 1616 44 75  961 1932 69 56  1108 1363 66 69  1516 2860 65 65  1407 2773 67 86  2012 121 94 60  377 999 52 66  1297 2664 83 64  
posimg/32.jpg 13 3209 1463 77 88  3492 1827 82 87  2859 2336 81 74  3022 2086 81 53  4249 2693 51 62  2904 1434 46 72  3197 2614 60 61  2298 2499 64 75  4345 393 58 87  3298 2226 63 91  3091 2463 55 70  3806 2217 91 43  3965 1790 82 82  
posimg/72.jpg 12 1672 2309 86 66  2681 2668 88 79  2018 3359 71 62  2337 2695 87 67  2771 2038 97 60  2150 2397 66 65  2605 1653 93 49  2518 2593 57 86  2742 2424 89 61  506 1548 69 59  1446 1678 62 84  2078 1807 68 80  
posimg/729.jpg 5 2658 806 76 56  1952 1570 84 59  1794 1445 61 47  2500 708 80 60  1962 1482 69 55  
posimg/925.jpg 1 1280 1839 82 61  
posimg/639.jpg 12 2325 875 70 64  2366 2565 78 66  2755 2053 91 56  3136 1228 62 72  1503 1051 98 62  1455 382 88 56  1901 2320 43 64  1219 843 50 63  2935 946 83 73  682 1568 60 97  3072 1405 55 62  1444 11 64 50  
posimg/783.jpg 16 9 3611 87 76  1751 116 75 96  1586 2203 73 81  1406 2958 81 81  1142 2642 73 96  2612 2011 67 73  1125 2160 66 90  2515 1896 88 91  995 2336 60 96  2539 693 82 69  2638 2273 96 87  169 3206 89 41  1266 2788 81 62  1804 2705 65 78  2455 964 74 49  1212 1495 44 61  
posimg/841.jpg 5 3711 3393 89 67  3711 3433 93 71  2519 1698 78 87  3438 3227 89 46  2572 1991 89 95  
posimg/456.jpg 6 2023 849 53 88  1949 1763 84 68  1875 2055 64 72  1691 2234 61 60  2090 412 79 40  2199 151 70 55  
posimg/43.jpg 22 2761 2415 52 62  3284 2767 65 77  2832 1314 57 95  3414 2807 51 89  3341 3382 61 56  2166 1579 56 67  2547 2347 67 60  3407 2676 86 47  2461 2754 76 73  3166 2706 87 67  2335 2982 57 65  2441 1823 58 69  2664 971 88 87  2485 2248 61 65  1911 2776 54 91  2216 1254 77 66  2489 1022 80 59  3324 2232 75 76  3684 2757 50 92  2317 2592 81 80  2593 3077 88 70  2960 3561 68 70  
posimg/929.jpg 2 3772 1922 69 59  3654 1959 61 52  
posimg/759.jpg 10 3935 1824 92 69  1130 2153 90 95  2356 1820 78 80  3322 441 65 57  2207 2409 94 79  2912 1158 58 83  2572 2874 94 81  2365 2167 96 88  3165 1113 89 64  3572 2043 99 83  
posimg/785.jpg 26 1110 1399 67 55  3960 883 78 67  3398 1055 58 61  2444 634 71 69  3555 487 83 75  2222 818 96 52  3987 500 61 63  2307 2616 66 50  2773 1390 71 86  2754 2258 59 85  3346 1385 51 90  2590 686 51 87  2319 472 82 62  2329 216 83 68  3488 1220 85 65  3195 894 79 54  3307 201 85 57  3893 734 81 82  3036 1158 86 83  3549 1589 69 87  4058 226 67 45  4100 1188 77 68  3331 1770 54 82  2489 1190 70 53  2721 3042 71 47  2734 1175 67 66  
posimg/829.jpg 4 3022 3275 65 67  3026 3471 69 60  2224 2605 60 89  3438 2172 75 70  
posimg/918.jpg 4 1722 855 92 70  1723 681 62 54  2500 3019 89 45  2193 2699 65 40  
posimg/231.jpg 5 2494 1999 62 56  1363 184 67 69  2725 669 83 80  2129 609 83 81  383 1720 57 71  
posimg/888.jpg 1 1552 2771 61 46  
posimg/624.jpg 3 3795 929 57 91  3732 1684 68 54  3949 1705 76 53  
posimg/669.jpg 6 2588 2841 92 58  1420 2059 89 77  1292 2328 90 52  2046 2828 84 56  1923 2752 85 51  2506 1090 62 81  
posimg/392.jpg 1 3259 1441 74 61  
posimg/146.jpg 1 2502 1420 85 78  
posimg/350.jpg 13 1089 2049 85 81  1358 2219 82 76  1991 3199 79 57  909 2789 83 53  1302 2331 70 51  971 2788 47 68  929 2975 79 77  1695 2342 72 55  2114 2969 50 71  1289 2393 41 75  1031 1715 74 73  1454 2686 64 75  1371 1675 74 49  
posimg/459.jpg 17 2380 1362 62 76  1981 2339 58 96  1747 1712 49 69  3686 2413 69 72  4296 2674 45 63  2535 2073 76 97  1723 1582 64 76  2800 2717 95 54  2274 2012 91 70  2720 2272 89 56  3339 2954 62 60  3242 2263 59 86  3890 2682 70 95  2119 2278 83 60  2403 2743 53 92  2131 2425 88 48  1847 2172 84 52  
posimg/737.jpg 1 3836 2799 84 92  
posimg/111.jpg 23 3864 2267 57 78  3437 1391 82 60  3139 142 68 65  4313 1781 73 81  4054 1273 93 62  3929 1649 65 80  3025 1740 88 50  4024 2393 80 62  3368 482 64 84  5045 2253 98 87  4703 2449 83 68  3078 944 50 78  3544 1959 85 80  3845 1194 81 74  3585 423 60 92  4726 2279 61 57  5330 2392 63 83  5403 2823 81 55  2130 1271 60 71  4852 2204 77 72  4728 2026 55 90  4915 2029 79 83  3692 2526 78 45  
posimg/934.jpg 3 4633 2377 79 81  4139 2089 71 65  3745 1983 78 62  
posimg/154.jpg 6 2642 376 70 57  3906 1495 90 66  3847 2068 68 91  4077 596 77 99  3946 1571 51 63  3820 914 66 95  
posimg/553.jpg 7 2813 196 52 93  3238 775 89 46  2989 24 72 46  2164 2903 52 84  2091 3032 79 65  4430 2889 61 73  3076 1033 50 92  
posimg/835.jpg 5 2513 1919 52 62  3230 2213 62 51  2473 924 83 71  3056 1999 75 89  2506 1342 65 80  
posimg/434.jpg 7 3236 2425 57 86  1998 1582 61 63  2228 1333 67 80  2058 2236 51 63  2323 2220 73 58  2722 2497 55 81  2666 1554 49 67  
posimg/388.jpg 1 1804 1705 94 76  
posimg/744.jpg 5 2576 1445 97 67  3448 1407 67 91  2109 1196 71 97  3073 1200 76 78  3520 1297 58 61  
posimg/815.jpg 6 992 2361 55 96  1974 1041 51 87  979 2068 63 71  1042 1428 92 64  2076 1079 80 85  1980 1174 49 91  
posimg/10.jpg 6 1947 1399 71 43  3541 926 79 58  1548 1086 75 53  3559 865 61 40  3352 900 84 69  3312 1153 62 68  
posimg/465.jpg 7 2956 1854 57 91  4046 1110 51 92  4513 1055 68 73  3575 1365 66 84  3383 1685 79 58  3794 1811 81 59  3329 1353 71 54  
posimg/750.jpg 1 3856 1643 76 83  
posimg/340.jpg 18 2380 1686 59 87  1724 2230 57 94  1853 1916 96 77  2069 2534 86 65  2179 3073 93 59  1973 1303 73 93  2755 938 78 85  1621 2067 61 87  1941 667 81 92  2172 327 82 78  1807 946 96 54  1348 2688 86 60  2374 2176 90 63  1558 1695 67 72  1532 2756 84 89  1374 2959 81 57  2685 1224 84 73  2486 2462 70 53  
posimg/87.jpg 7 3349 1078 70 59  667 1487 72 61  2748 1475 80 52  528 1445 65 58  248 1457 41 64  3073 993 94 51  3030 1377 67 62  
posimg/206.jpg 4 1964 1673 86 64  1679 1798 80 81  1697 2114 71 51  1661 2023 75 52  
posimg/250.jpg 2 2030 456 75 80  1340 796 82 82  
posimg/140.jpg 2 1682 1837 48 83  919 425 52 61  
posimg/591.jpg 7 2294 923 92 81  3695 1660 90 94  3575 2102 95 67  3813 1094 67 71  3718 1444 64 92  4395 1370 70 75  1379 596 83 89  
posimg/479.jpg 8 2045 1294 50 71  2949 2408 52 85  2055 724 77 70  2615 2680 62 77  3216 1546 72 55  2254 2395 50 66  2999 1546 65 71  2714 3350 48 64  
posimg/39.jpg 20 2984 786 55 90  2259 3291 74 35  1990 3179 47 66  2378 418 84 65  2588 1439 50 86  2509 1688 87 53  2420 2269 60 92  2281 1624 94 54  2548 538 77 77  2383 1049 84 59  2677 2384 44 79  2426 1308 57 80  2537 1609 73 42  2584 1519 81 66  2822 1819 78 57  2461 1434 54 78  2882 1519 47 62  2347 1885 77 43  2542 2284 56 81  2742 1795 44 71  
posimg/587.jpg 29 2727 1530 91 99  1267 1373 49 92  2213 760 88 52  1964 1373 98 65  3819 1494 83 63  4019 1144 71 75  3633 90 67 88  3389 1173 99 81  1164 1581 59 74  4184 1510 69 64  2345 1170 72 47  2165 2021 83 51  2399 3200 56 97  2137 1491 99 53  1056 1199 55 77  3160 563 61 74  2085 2106 57 76  3190 2183 90 62  847 555 70 68  1147 2428 69 81  3857 2096 56 95  2019 2667 94 55  3700 2705 77 50  2141 1228 63 78  3851 2837 77 46  3851 2655 76 40  2938 3252 61 56  1114 596 49 85  1074 134 79 73  
posimg/124.jpg 13 1429 2160 83 85  2402 2062 94 55  2737 1421 62 95  2621 884 94 60  2175 1468 56 94  3606 868 59 82  2219 1780 96 66  1672 1312 90 52  3768 214 97 74  1228 2551 95 87  2731 974 56 85  2096 2304 59 95  1272 2676 98 73  
posimg/247.jpg 1 2790 76 88 51  
posimg/726.jpg 4 146 470 61 55  276 596 77 69  250 551 72 55  110 815 75 59  
posimg/899.jpg 1 1884 330 96 52  
posimg/837.jpg 1 3044 1258 47 61  
posimg/383.jpg 11 4199 1754 68 83  4030 1694 83 47  4552 515 62 83  4645 1559 65 56  3559 1540 58 62  3895 1550 82 73  4763 913 61 83  4622 1493 82 48  3394 2278 69 51  4289 1744 63 43  4382 1701 95 71  
posimg/536.jpg 1 2389 1693 80 59  
posimg/251.jpg 1 2419 2467 69 49  
posimg/280.jpg 11 2430 2916 71 50  2838 93 48 71  2378 2914 47 74  2922 902 72 44  2459 2781 82 88  665 1270 89 67  2383 2826 47 75  620 973 52 75  1974 2550 77 57  1789 1417 71 61  2482 2274 54 67  
posimg/769.jpg 11 2394 974 87 51  2250 1688 79 54  2534 1642 69 61  2890 1329 70 93  2995 863 65 67  2522 1416 79 83  2906 2046 77 59  2242 2147 66 67  2226 2367 56 77  2578 238 61 67  1988 2993 80 64  
posimg/643.jpg 1 4344 1814 96 93  
posimg/491.jpg 1 1906 2433 67 54  
posimg/133.jpg 1 4245 660 66 76  
posimg/664.jpg 23 860 253 61 84  684 247 79 93  1734 887 47 95  2828 805 78 67  1751 694 83 80  2414 116 75 85  2396 2405 63 78  2830 1518 82 52  3034 3015 58 79  2147 799 92 61  1976 226 93 65  1788 1041 66 47  2859 2679 64 60  2092 2153 55 70  2741 1804 75 57  2678 478 77 72  2484 827 81 67  2559 1596 55 85  1617 144 67 52  1872 1831 71 71  2526 2872 56 64  1694 1423 71 54  2206 1997 56 86  
posimg/377.jpg 7 2337 621 62 79  1633 129 87 86  2410 80 63 59  2185 412 59 71  1559 1279 87 62  2489 114 58 73  2020 896 63 86  
posimg/94.jpg 4 3896 1713 86 91  3274 2068 80 60  3121 727 61 70  3757 1606 62 84  
posimg/884.jpg 2 1859 2054 53 61  733 761 57 71  
posimg/485.jpg 11 3880 2886 99 64  3726 1940 96 83  4312 1989 70 72  3710 2719 66 94  3910 1924 72 66  2740 1928 82 60  4350 2464 80 53  4268 2544 87 63  2911 3218 76 62  2672 3505 75 64  3160 2433 93 82  
posimg/583.jpg 1 1977 1666 53 72  
posimg/550.jpg 2 2745 2947 82 47  2876 2900 73 66  
posimg/477.jpg 9 2840 1608 91 44  3069 1625 90 72  3255 2940 89 79  3042 2249 80 98  3090 1960 90 75  2871 1881 86 61  3122 1434 70 50  3830 826 92 66  3156 1108 96 68  
posimg/648.jpg 2 972 746 68 67  1066 1272 64 60  
posimg/616.jpg 9 514 2650 54 72  354 1207 92 80  478 2345 80 98  461 2779 65 49  257 1403 94 84  396 1439 72 89  200 1425 57 91  555 2423 85 87  596 745 81 87  
posimg/201.jpg 10 3423 1615 66 88  2939 3320 92 58  3281 3496 62 77  3928 1629 82 93  3959 1370 89 76  4229 629 92 63  2304 2870 68 95  4230 103 80 88  2900 566 61 54  2083 1485 97 58  
posimg/402.jpg 13 1002 351 65 98  718 1334 51 74  400 2795 82 55  368 3488 91 53  911 1075 61 57  884 1588 63 92  548 815 76 74  1116 3243 55 90  669 3231 80 46  1014 3383 82 46  342 1977 63 60  653 539 72 50  628 1055 83 49  
posimg/289.jpg 2 2096 2511 64 42  1936 2488 88 63  
posimg/875.jpg 6 273 289 59 61  1996 2320 46 65  1142 210 56 74  987 1912 56 78  1052 1955 68 76  540 142 62 46  
posimg/158.jpg 8 3537 589 73 82  3680 1409 95 77  2886 2109 85 63  1313 1312 98 71  2071 597 78 98  1406 2072 74 65  965 1634 62 59  1927 1262 90 96  
posimg/297.jpg 24 2508 2236 67 83  2872 2163 84 53  2483 2135 73 87  2718 1794 55 64  2683 1896 51 81  2815 2110 78 64  2941 1546 76 51  2443 2138 53 81  2997 1489 61 38  2434 1768 81 53  2461 2215 43 82  2546 2193 75 61  2892 1975 55 81  2667 1949 73 75  2544 2039 72 97  2817 912 53 88  2982 1458 74 41  2386 2326 48 62  2811 1874 63 73  2490 2344 42 81  2860 1295 64 65  2958 1478 37 65  2996 2084 60 65  2622 2223 78 49  
posimg/164.jpg 33 2421 2401 52 94  2498 1336 71 75  2934 417 84 49  2844 606 99 57  1810 2425 85 51  1623 1578 48 95  3311 160 57 63  2442 3195 76 80  3175 170 76 62  3604 2872 64 94  3476 89 93 59  3225 603 69 87  2871 203 62 79  2352 1571 89 50  3482 747 90 58  2951 992 98 53  3307 859 64 44  3611 937 64 66  3037 264 94 56  3192 832 77 79  3104 1145 66 86  1376 2563 82 71  2194 1593 63 55  1956 2107 64 53  1873 1632 45 87  2830 1552 88 97  1805 1595 42 61  3033 1865 92 76  1577 1426 76 42  1886 2076 47 78  1432 2010 53 75  2064 1766 70 44  2647 2021 95 58  
posimg/319.jpg 23 3712 1724 83 69  2335 2248 73 96  3404 2444 87 77  5282 415 97 69  4192 870 86 62  4332 707 85 73  4142 1637 75 88  3171 2770 94 72  4634 1304 52 72  3505 1441 74 71  3908 1894 61 71  3378 54 55 80  2141 1971 60 93  2436 2103 64 97  3198 2169 92 70  3554 1035 89 74  3254 2557 80 72  2919 2319 91 72  2930 2617 64 86  3892 392 75 81  3711 2204 54 92  2960 2815 75 51  3558 1856 77 63  
posimg/463.jpg 3 2478 1945 72 94  2325 356 70 90  2083 2433 70 80  
posimg/266.jpg 1 558 445 76 86  
posimg/898.jpg 3 737 1982 53 86  1771 2933 71 75  2463 2774 79 58  
posimg/693.jpg 7 212 2242 87 60  1543 1333 82 53  1103 1459 94 43  1334 1449 47 70  373 1688 93 56  589 1519 77 59  306 2837 43 75  
posimg/520.jpg 8 2671 127 86 61  3041 2629 66 55  2832 1299 63 55  2372 810 71 65  2963 1020 70 51  2648 1907 81 57  3021 1151 74 63  2785 1507 77 45  
posimg/248.jpg 1 1694 696 63 71  
posimg/1.jpg 20 2973 2831 73 94  2172 831 96 64  3177 1426 71 63  2830 1444 55 72  4477 2391 56 71  2205 927 81 52  4545 2959 63 72  2078 1781 67 76  3005 908 68 52  2329 1024 71 86  2229 1006 96 52  2550 806 80 71  3488 2483 70 74  3389 2428 93 49  2911 884 73 45  3026 1937 88 46  2732 1442 60 66  3982 2779 50 94  4629 3017 58 84  3991 1684 76 52  
posimg/149.jpg 4 4624 3309 52 73  4811 3391 67 72  4906 3228 55 86  4764 3286 62 63  
posimg/173.jpg 3 2759 739 82 60  2958 751 85 52  3261 928 61 87  
posimg/198.jpg 3 3223 1924 64 97  3792 1966 96 61  3637 2093 75 66  
posimg/314.jpg 2 4046 2781 76 65  4510 2076 85 47  
posimg/295.jpg 15 843 1972 82 65  2622 1895 53 80  1886 1229 82 53  1325 1656 95 52  1134 1802 72 54  2568 1004 87 68  2312 2686 54 76  54 1334 97 89  146 2158 74 49  582 1406 83 91  1978 2027 63 49  2635 2599 93 50  2319 2382 56 89  2267 2258 86 57  376 2365 57 80  
posimg/700.jpg 8 3975 1940 43 62  3595 990 92 80  2833 1437 55 99  3075 1776 78 54  3532 1371 70 91  3169 1630 72 94  2611 927 53 95  2391 1601 66 60  
posimg/197.jpg 6 2962 1881 65 46  2895 1385 86 67  2222 1926 88 94  3043 862 75 87  3054 1169 66 76  2359 1154 69 61  
posimg/467.jpg 4 2620 2668 63 94  2416 2286 56 86  2593 2635 45 86  2741 2552 68 56  
posimg/720.jpg 6 490 1878 89 72  1361 1668 70 89  1036 1847 53 76  657 1492 68 55  872 1686 77 83  2227 3195 55 65  
posimg/291.jpg 24 1948 2349 65 78  2251 2241 98 70  1099 2399 82 82  1493 184 63 82  1329 862 91 89  3533 1606 77 96  1414 2265 85 62  1189 2679 76 76  2363 2631 46 94  1302 2278 61 79  2855 2102 76 69  2228 3232 85 49  1533 3171 73 62  2509 2719 79 81  1356 2018 93 85  1661 1824 95 67  2075 2536 83 58  2564 653 81 86  2280 487 87 74  2543 724 97 49  2517 269 91 83  2676 822 84 58  1259 3242 70 71  4126 1515 83 74  
posimg/472.jpg 9 2520 1803 78 94  2597 2055 62 56  3153 904 75 51  2342 2229 67 55  2998 1094 63 46  2271 2412 55 79  2742 1395 43 71  2576 1755 47 61  3260 689 66 66  
posimg/162.jpg 2 5310 2289 67 99  4917 2364 73 72  
posimg/675.jpg 1 2724 1717 76 68  
posimg/362.jpg 1 3850 572 81 79  
posimg/931.jpg 2 4792 2294 96 60  3559 28 90 50  
posimg/939.jpg 16 2595 1444 85 84  2718 581 80 70  2875 3190 88 82  2873 1904 80 76  2436 411 47 66  2133 1234 88 72  3010 2838 67 95  2212 244 69 94  2873 2070 90 69  2791 914 50 73  2945 2563 77 65  1983 500 79 91  2495 1227 54 62  2990 2433 88 72  2101 1831 51 99  2056 1648 68 88  
posimg/142.jpg 1 4699 1580 46 64  
posimg/798.jpg 2 4307 2637 60 81  1591 669 55 95  
posimg/751.jpg 1 2374 2806 82 80  
posimg/914.jpg 4 1362 1125 63 56  1502 1448 64 65  1449 1387 67 66  1524 1388 51 76  
posimg/563.jpg 6 1469 824 80 98  853 1354 95 79  1707 1937 63 48  1728 765 62 56  1737 612 78 85  354 1661 76 64  
posimg/86.jpg 1 1274 1450 87 78  
posimg/310.jpg 4 3931 1918 79 79  4198 2389 81 70  4075 2044 63 75  4402 2280 67 75  
posimg/517.jpg 3 1738 2645 61 37  1291 2785 69 47  1811 2155 68 47  
posimg/668.jpg 2 2599 1861 69 53  2250 1257 70 65  
posimg/58.jpg 34 1824 1796 86 87  1447 1638 49 94  2582 3293 82 62  1728 2353 88 86  2056 3032 79 63  3796 1572 80 63  2362 3175 61 86  1777 2793 98 56  1864 879 87 59  1951 1455 86 88  1850 1007 89 50  3081 3398 92 69  1612 2407 66 89  2175 2871 78 56  3254 1630 77 76  1780 1406 57 63  2058 474 89 49  1737 2952 65 52  1623 3159 77 71  1744 2011 91 93  4033 2601 79 60  1699 3462 84 88  1629 2633 81 87  2271 805 97 76  3299 435 98 50  2912 181 73 54  2767 2597 79 84  3477 2021 65 85  1802 3291 74 59  4022 2391 80 52  3654 3175 95 53  1856 1590 64 84  1350 1957 75 66  3079 2988 90 87  
posimg/38.jpg 1 2594 1759 67 48  
posimg/900.jpg 38 3325 617 80 46  4406 1295 82 65  2478 1232 60 61  4176 977 87 86  1947 2379 62 97  2107 2726 72 49  3624 2205 77 54  1618 1702 82 75  2307 828 62 65  2280 2745 72 84  2146 2104 91 81  3652 592 74 61  3965 1862 48 73  2254 564 75 88  1574 2131 60 91  3149 772 73 50  5195 622 81 78  3798 595 72 51  4832 1028 83 75  2903 2070 59 94  4257 597 79 72  3931 2387 82 68  2793 2717 80 64  3841 949 48 69  3695 2694 95 65  3551 938 82 73  2091 1395 70 98  4988 162 83 74  3354 2378 87 77  4489 1715 78 70  3014 1006 55 83  2964 2762 85 79  3965 2603 82 75  2024 875 60 89  2151 2488 62 75  4313 2038 83 50  4292 2529 64 47  4805 2150 91 51  
posimg/930.jpg 2 583 55 95 66  786 452 71 63  
posimg/65.jpg 22 1708 83 70 77  2092 2380 57 80  2099 2834 83 89  2306 1413 85 76  2477 2634 75 59  2636 3093 91 79  2132 1730 86 70  2759 807 60 97  1606 818 92 89  1780 2368 64 74  1994 902 89 62  1834 36 86 93  2145 3173 88 98  2633 1107 96 88  1760 1951 98 95  2296 2044 93 77  2638 2195 77 83  2633 1580 67 87  2126 2135 75 62  3234 3297 63 63  2890 2003 58 78  3082 1224 69 66  
posimg/139.jpg 2 3153 1631 87 63  4477 358 71 99  
posimg/622.jpg 7 2890 1021 71 61  3603 877 89 46  3018 509 77 83  3283 1108 46 75  2572 538 55 75  2622 1016 55 66  3190 392 77 61  
posimg/180.jpg 4 2036 684 74 69  1767 873 61 90  1973 657 88 80  2916 1729 84 75  
posimg/429.jpg 14 349 110 88 91  1814 2240 73 72  2274 1997 96 60  3110 1375 89 60  27 302 46 79  673 1660 61 79  482 2141 95 62  383 365 54 84  883 1373 66 44  393 275 85 57  320 1912 79 62  935 1165 45 86  294 406 81 53  635 2007 78 71  
posimg/510.jpg 4 2736 3490 68 94  3440 1973 82 68  2913 1935 87 75  3307 1712 44 61  
posimg/181.jpg 3 1997 868 96 75  2405 240 63 58  2106 248 94 75  
posimg/708.jpg 10 582 417 93 72  549 728 98 73  702 1857 75 58  897 2683 87 61  639 2249 62 73  710 2804 83 73  881 2515 63 92  820 2230 78 68  32 1853 85 75  495 1958 73 62  
posimg/224.jpg 3 3951 781 87 88  3397 1439 91 56  3204 2891 79 94  
posimg/50.jpg 1 3642 2279 74 66  
posimg/277.jpg 7 1346 1920 62 65  1144 2763 51 61  947 2760 47 62  1236 2656 88 89  1389 2609 43 72  1353 2416 61 57  1496 2162 50 63  
posimg/674.jpg 8 2366 1714 98 67  2042 1942 53 72  2486 1950 94 77  3919 1446 98 69  3063 1734 84 87  2209 969 68 74  2548 3463 62 70  4190 1526 78 55  
posimg/833.jpg 19 592 597 93 88  2433 1379 55 81  1512 731 66 58  1987 950 65 65  1846 1439 58 85  2849 799 78 51  371 1580 59 68  1675 956 82 73  2375 1584 46 83  289 1642 60 84  627 1724 83 59  2375 1078 87 48  1778 345 75 80  1226 1680 65 87  1968 667 80 52  1438 2099 70 60  1540 1331 62 79  2166 1236 80 68  2570 1606 95 99  
posimg/220.jpg 1 1435 1350 74 50  
posimg/405.jpg 2 2428 1256 94 89  2265 719 96 70  
posimg/44.jpg 4 3563 1828 72 73  3040 1444 56 90  3347 1712 71 51  2918 1218 79 48  
posimg/64.jpg 9 3534 1590 59 91  3765 1542 74 83  3777 1938 81 93  3202 1560 75 91  3635 2237 70 80  3559 1734 54 78  3622 1918 90 63  4008 2070 91 51  3906 1189 61 80  
posimg/749.jpg 1 2341 2994 63 91  
posimg/338.jpg 25 3966 3611 91 71  3522 2117 82 82  5212 1735 89 53  2084 779 88 56  5234 2208 81 57  3819 1547 79 73  2048 1431 58 85  2257 2926 55 98  2312 2453 98 48  1456 2574 56 99  3867 1130 91 63  3500 1158 72 72  1389 2794 74 53  1964 1779 72 63  1418 3000 45 78  2054 2908 57 77  4384 882 72 72  2200 1695 80 77  1891 1901 63 80  3076 2308 76 92  906 714 84 62  2382 3054 78 66  2672 2578 75 43  2414 3432 85 51  4812 2913 68 49  
posimg/655.jpg 6 1925 2182 87 78  412 1296 49 64  55 328 66 62  895 2682 52 67  1950 2362 69 77  1025 2163 63 56  
posimg/743.jpg 6 2952 1206 64 78  1214 3219 75 80  1672 1805 86 82  1891 629 96 70  2232 2754 88 99  1216 3019 75 79  
posimg/99.jpg 1 3896 2023 74 54  
posimg/574.jpg 1 2972 2243 71 94  
posimg/778.jpg 2 1375 2031 52 67  1236 2398 49 68  
posimg/740.jpg 11 1176 1899 79 42  2011 555 54 84  302 2425 80 66  864 2267 86 59  1820 614 52 93  698 2199 79 50  675 1976 71 57  1024 2240 76 60  1341 1805 81 49  789 1782 77 46  697 2287 56 66  
posimg/435.jpg 3 3468 944 94 75  2704 1407 66 47  4167 842 78 58  
posimg/940.jpg 5 2593 1904 83 78  2958 2078 94 41  3512 2643 46 66  3583 2506 67 67  3459 943 73 52  
posimg/454.jpg 5 193 2128 98 55  2763 2486 83 59  2377 2807 70 91  1750 3396 93 85  2587 2599 82 47  
posimg/474.jpg 2 3964 2329 80 87  3938 2471 90 72  
posimg/200.jpg 2 670 2716 73 54  303 1371 82 54  
posimg/168.jpg 6 3456 1755 76 70  4129 780 68 91  2773 2719 75 53  3072 2328 69 60  2894 2552 70 46  3017 2186 56 65  
posimg/431.jpg 1 3309 2360 68 66  
posimg/806.jpg 12 2971 2353 51 95  3291 2362 65 79  3430 2513 50 89  3586 2354 52 68  5153 922 49 70  4282 1273 58 73  3199 1782 59 83  2369 631 71 55  2055 2196 84 49  2543 3099 61 72  2531 3574 70 59  2816 2822 65 62  
posimg/301.jpg 7 3773 2053 51 74  3637 1721 85 87  4008 1834 48 63  4106 1527 80 64  73 3626 93 64  1625 2545 64 77  3699 1362 70 72  
posimg/502.jpg 6 3544 1744 53 89  3733 1485 80 47  3601 1982 79 62  2555 2939 60 66  2872 2563 70 54  3718 1704 67 59  
posimg/727.jpg 13 3612 2352 49 95  3426 1459 88 75  4000 3003 69 83  3485 2269 60 79  3004 998 53 95  2835 2144 93 65  2532 2610 69 47  3297 1727 54 74  3088 2834 50 91  3341 2601 56 97  3533 2862 63 96  2647 3229 62 60  2708 2584 46 61  
posimg/37.jpg 2 3214 1976 55 91  3743 2183 62 85  
posimg/315.jpg 3 3159 2415 97 61  3111 2566 83 45  3282 3174 85 45  
posimg/858.jpg 6 4674 1830 72 92  4902 1408 85 89  4843 879 81 71  4526 2071 86 82  4025 3586 87 50  4379 3604 56 89  
posimg/45.jpg 1 1508 1619 84 64  
posimg/110.jpg 13 2138 470 96 59  2582 691 70 95  2566 1306 75 46  3344 279 58 93  2185 1416 97 61  2595 1109 56 71  2305 456 60 69  1806 1702 98 69  3648 900 70 71  3570 707 47 77  3148 87 63 60  2007 1813 77 46  2244 657 64 81  
posimg/573.jpg 6 2505 1919 83 70  3657 2770 56 71  1904 2583 58 85  2165 1918 67 64  1880 2421 79 46  2282 434 45 80  
posimg/395.jpg 5 2781 1226 50 87  2550 1090 89 76  2753 1297 46 75  2615 1070 48 65  2807 1184 59 93  
posimg/359.jpg 12 3276 2735 56 86  3977 2514 53 73  3896 1611 83 82  4063 1620 77 56  3817 1895 59 97  3615 2390 68 68  3548 2150 78 55  3903 2356 69 69  4089 1794 78 61  4963 1990 59 83  4359 2297 52 83  4837 1624 84 69  
posimg/100.jpg 13 2977 1472 46 99  2674 1902 89 73  3013 2077 77 77  2572 2276 55 84  2692 904 83 51  3197 881 93 87  3209 2408 96 53  3074 1505 77 69  2757 1107 82 53  2774 1406 90 59  2721 2451 52 69  2870 2234 54 73  2504 1853 61 46  
posimg/770.jpg 1 2022 1302 63 44  
posimg/933.jpg 11 4003 1708 85 69  2867 2045 72 68  3200 2684 44 62  4225 1906 78 73  724 1087 50 89  3861 2275 53 97  2041 994 91 41  4126 889 52 86  832 975 72 63  3166 1256 68 85  4020 2131 55 86  
posimg/701.jpg 13 1566 1088 64 73  2062 1176 69 56  1800 1943 81 82  1226 632 80 63  1889 2480 63 96  835 274 76 75  2507 1930 67 79  2785 1030 72 93  1092 686 74 48  2201 962 79 58  2436 1541 99 60  1310 1165 57 62  1672 1375 82 64  
posimg/129.jpg 3 2531 556 58 62  2601 682 70 47  2631 703 77 42  
posimg/774.jpg 1 2924 278 77 61  
posimg/187.jpg 38 3336 1822 68 90  2981 2315 99 72  3276 2460 93 76  3907 2262 65 90  3724 360 68 95  5457 1991 53 65  5580 1779 35 67  4098 1040 90 78  3907 746 81 95  2703 996 97 73  3413 3192 85 68  5069 2480 70 92  2789 1343 97 60  2672 1937 79 92  4255 3174 96 71  2766 1755 52 97  4941 207 50 88  1815 1597 64 93  5079 1824 89 84  5423 1384 61 95  2930 2908 78 81  3699 2803 94 78  4055 2091 65 60  3759 3587 68 86  2748 3538 85 66  3705 2434 90 95  3797 1896 68 87  4454 67 87 62  3218 3290 64 83  2702 2786 77 90  4190 2830 89 73  5464 1094 78 95  5316 439 53 67  4555 2886 61 48  2940 224 52 81  2732 3218 87 51  1795 2240 53 67  4618 28 63 64  
posimg/739.jpg 6 2319 502 87 63  1788 2546 68 62  2068 988 75 91  2469 120 84 54  1705 1591 68 93  1398 2680 79 72  
posimg/117.jpg 1 770 1780 64 55  
posimg/363.jpg 2 3825 2061 75 79  2439 1488 46 65  
posimg/74.jpg 2 1316 411 66 57  2138 1399 91 37  
posimg/194.jpg 1 3004 1603 75 45  
posimg/373.jpg 15 5427 429 97 69  5091 897 79 98  3489 2882 58 97  3973 2786 97 78  3304 2639 81 94  3896 1513 93 66  4148 1330 69 94  5281 1661 70 89  4832 1903 98 62  3202 2902 76 69  4339 1982 94 70  3453 1782 56 69  3333 2773 56 91  3262 2804 76 63  3640 2407 90 62  
posimg/627.jpg 1 3478 2744 65 69  
posimg/42.jpg 7 4928 1894 63 58  4897 2463 68 97  4837 279 74 88  4775 1853 91 89  3596 1676 52 85  4295 1574 90 51  3988 1613 67 53  
posimg/484.jpg 35 1836 2946 55 94  2621 2112 92 78  2146 2647 65 63  2230 2511 99 56  1682 2480 82 46  1566 1775 95 66  3126 1999 79 47  3499 1648 61 83  2406 2445 91 51  2859 1680 54 77  3516 2238 77 90  2808 2077 83 54  1631 2009 86 49  3232 2032 94 65  3112 1874 93 56  3082 2154 80 71  2745 1615 49 85  2566 2822 89 94  3296 1724 72 83  2586 2388 81 57  3809 2081 92 59  2114 2830 49 90  2505 2242 73 94  1508 3628 73 83  1522 2762 85 52  1352 2854 78 55  2981 2599 63 48  1663 2743 57 69  1266 3328 51 94  1692 1793 47 87  1650 2439 62 53  2461 1961 63 46  2514 2653 98 77  2858 2139 75 84  2299 2201 86 66  
posimg/672.jpg 26 1931 2709 50 78  2489 2623 81 86  2447 2353 52 80  2882 2627 77 69  2439 2845 85 52  2172 2986 83 53  1849 1318 74 77  2487 2331 83 61  2241 2466 60 89  1615 2728 69 71  1416 2942 88 71  1269 2391 44 66  1552 2800 88 67  1331 2665 49 80  2381 2148 86 78  1581 2530 54 92  1709 2671 93 82  1817 3048 77 40  1964 3125 46 94  2290 2692 53 71  1700 2909 51 65  2608 2048 66 73  1430 2765 78 87  3400 442 78 60  2175 1806 88 55  1760 2578 57 97  
posimg/437.jpg 2 2571 715 94 91  2405 2417 66 54  
posimg/414.jpg 4 2395 138 97 55  1925 1753 91 68  2148 1740 79 94  2662 678 58 97  
posimg/300.jpg 8 2925 1051 74 85  3038 1588 67 82  2963 1676 89 87  3010 1738 67 85  2960 1814 65 65  3023 1470 97 78  3124 1362 58 82  2910 1539 75 54  
posimg/448.jpg 2 1958 2194 77 54  1696 1462 48 74  
posimg/480.jpg 1 1302 574 58 80  
posimg/637.jpg 19 1374 2331 51 71  507 1609 50 92  2164 2156 58 77  1784 766 81 63  730 2157 80 61  1637 1174 97 57  2324 1882 64 81  759 1630 86 91  3407 3654 86 58  1015 2056 82 62  2328 1276 75 82  1908 1926 66 94  339 2076 79 92  2212 1734 86 96  3262 2035 55 85  1215 1367 74 60  657 1855 84 74  1638 1426 71 88  3325 1690 56 80  
posimg/558.jpg 8 4176 2754 70 79  4431 2507 86 44  3157 2242 65 97  3935 2967 88 75  4557 3223 71 59  3365 2453 85 81  3989 3100 95 63  3706 3259 62 50  
posimg/321.jpg 3 3758 1932 77 95  3749 3541 74 59  3569 680 51 71  
posimg/145.jpg 11 2285 1339 82 85  3326 1426 64 83  2150 1484 62 88  2416 1608 70 90  2229 1605 95 81  1365 1030 86 66  2148 1312 80 85  1835 916 66 80  1509 946 75 44  2412 1323 84 68  2506 1352 74 64  
posimg/836.jpg 3 2701 2324 53 73  2686 1936 81 62  2637 1428 44 77  
posimg/265.jpg 3 2547 1688 68 65  2410 1806 63 73  2300 1780 54 88  
posimg/253.jpg 2 1559 3156 88 53  39 1364 76 44  
posimg/557.jpg 1 1751 1526 66 40  
posimg/688.jpg 3 2508 2056 64 63  2280 1162 85 55  2163 1224 87 44  
posimg/917.jpg 10 2669 1519 99 52  2837 1398 90 60  3255 2920 67 59  2861 1336 88 51  3539 2527 84 65  3888 2970 90 71  2772 1562 69 55  3639 2554 81 74  3338 1956 77 74  3489 2116 94 95  
posimg/298.jpg 25 4207 1676 75 66  3629 526 75 80  4025 1022 83 80  4620 177 65 59  4058 2262 70 54  3948 1302 73 52  4355 2140 89 66  2653 532 49 89  2891 1071 49 71  3990 1189 81 57  3458 1895 71 62  3267 2433 50 96  2576 1442 92 50  3107 1497 83 52  4558 1188 59 86  4234 612 61 75  5029 860 78 64  4386 708 72 57  3712 2064 62 57  3633 2532 46 72  5364 1018 61 56  4922 2294 66 73  4628 2969 46 86  3675 2179 65 61  3640 1353 59 77  
posimg/24.jpg 4 2785 985 61 68  4222 1969 53 61  3916 3458 66 91  2438 292 87 47  
posimg/122.jpg 17 1056 3434 73 84  1978 1542 75 49  3465 3051 76 89  129 3302 52 67  430 3260 47 75  3326 3627 66 70  567 2922 92 96  228 2976 93 80  741 2428 62 66  1006 2614 69 61  638 2406 57 62  1443 29 83 61  504 2670 63 70  587 3653 87 79  1003 2363 53 86  370 3279 70 85  739 3202 62 78  
posimg/641.jpg 1 1889 1070 81 49  
posimg/188.jpg 2 2306 2695 71 78  5174 235 88 49  
posimg/69.jpg 1 4771 2328 50 61  
posimg/252.jpg 9 1740 1979 78 84  3058 1947 80 84  1873 583 90 71  2160 1744 79 66  2868 1535 81 78  2659 1293 77 92  3307 2283 63 91  3282 1397 98 69  2224 2261 69 88  
posimg/260.jpg 3 5035 1546 96 80  2989 1850 78 83  2991 1272 62 88  
posimg/582.jpg 5 3510 836 93 65  3437 647 81 56  4263 765 67 83  3809 2044 87 79  4071 1504 94 61  
posimg/575.jpg 1 3745 2672 86 80  
posimg/372.jpg 12 123 1186 83 65  2735 2637 70 47  654 2890 78 95  558 1818 81 50  1780 3091 80 97  2593 2918 69 73  97 1715 95 61  663 578 88 86  1277 1252 97 63  1608 1399 61 45  42 1085 73 74  933 799 83 72  
posimg/606.jpg 9 4537 298 86 49  4055 1048 69 72  4208 2181 69 56  3620 796 70 57  2678 877 59 93  4315 240 57 85  5088 2080 83 79  4161 1859 78 83  4742 2025 80 52  
posimg/179.jpg 5 5199 818 60 85  5212 384 51 83  5238 477 47 94  5391 281 87 50  5125 406 64 68  
posimg/846.jpg 1 1547 2060 90 95  
posimg/410.jpg 2 2020 3388 98 51  3715 3038 65 51  
posimg/947.jpg 7 3137 138 92 63  4357 1814 58 83  4583 2515 81 70  3856 2541 76 52  2621 1324 97 50  4876 1925 92 65  4368 2037 58 63  
posimg/249.jpg 8 3404 3226 93 59  3904 3598 90 63  4036 3131 51 88  2550 3173 65 56  3534 3379 75 65  2412 3141 71 55  3456 3004 79 45  2498 3045 80 55  
posimg/92.jpg 6 4478 2209 60 97  4672 1734 74 73  4685 2546 96 51  4406 1969 68 65  4510 1663 96 50  4918 2110 73 53  
posimg/777.jpg 5 3054 356 74 62  2589 1664 92 59  2554 1804 63 42  2378 1982 61 46  2648 1032 73 45  
posimg/210.jpg 9 1889 540 67 60  1659 541 43 75  3861 2237 64 63  1289 1103 62 79  1562 636 46 61  1239 1076 63 72  3215 2173 92 51  1437 869 78 38  2826 2191 67 71  
posimg/462.jpg 9 3644 2597 91 75  3563 1909 62 87  3804 2771 73 65  4067 1207 95 79  4115 563 72 74  5472 2488 62 59  3091 959 62 85  2894 1069 83 67  3435 1177 74 95  
posimg/455.jpg 2 2319 1721 44 61  2156 1537 78 54  
posimg/189.jpg 56 1341 2750 90 71  2537 2936 72 98  744 1133 66 93  3026 2250 79 90  792 534 81 86  3051 724 69 93  1172 420 87 88  542 1184 64 93  409 367 64 90  191 1254 84 96  2893 453 93 95  202 2976 69 91  467 2977 76 90  1660 1620 65 88  3373 3271 71 92  2798 3131 77 97  1972 509 81 94  2474 83 90 75  808 992 94 75  2363 2271 76 80  923 2507 85 94  1248 1683 85 87  612 3175 95 61  2099 2678 86 78  630 1027 96 83  3056 922 67 83  1390 2091 98 68  2686 2740 56 93  769 2544 78 85  2109 2532 76 84  2911 3286 81 96  2254 2699 86 46  2314 2361 66 83  2850 2745 72 86  2428 2833 97 62  1373 800 75 67  2566 2514 83 61  450 2700 94 71  1314 3049 49 82  3117 843 73 95  2777 2283 68 79  2803 2466 65 71  928 846 68 96  813 3267 76 68  112 493 94 71  2415 2493 80 90  2964 102 63 85  2352 2158 64 77  2518 3079 69 81  2673 2589 66 79  610 1155 96 73  2472 3234 56 75  2544 2256 69 61  2450 2371 73 72  3100 279 83 84  2209 2192 83 68  
posimg/227.jpg 4 3957 553 83 83  3777 743 75 99  4265 364 73 90  3997 1587 52 67  
posimg/327.jpg 1 1589 2336 69 54  
posimg/138.jpg 1 2373 1083 74 97  
posimg/274.jpg 1 1807 1113 96 50  
posimg/4.jpg 7 4032 1103 68 64  24 2497 78 85  3926 950 69 42  862 2748 74 54  2090 2939 67 38  3920 1112 78 40  3955 814 62 36  
posimg/503.jpg 4 4190 2922 78 74  2515 3039 53 73  3813 3021 72 58  4111 2715 61 49  
posimg/408.jpg 8 188 2089 82 66  836 2861 94 90  1038 2331 84 90  564 498 89 61  1179 313 82 89  558 818 62 82  1140 795 60 98  865 688 81 44  
posimg/334.jpg 14 4219 2098 75 92  2121 987 68 91  3872 2036 94 61  2891 2014 84 87  2675 1568 67 89  3752 1912 61 64  3748 2069 76 79  4036 2045 52 73  2910 1795 52 88  3080 1932 82 67  2984 2014 64 83  3063 2067 57 88  2953 1845 65 69  4500 1911 53 71  
posimg/292.jpg 5 2482 3432 91 68  172 504 76 56  3281 2470 66 78  587 1452 56 79  144 168 99 64  
posimg/258.jpg 21 5181 2541 92 65  1280 1634 66 91  3830 2268 48 67  3473 1583 91 81  699 2726 95 64  1441 3116 83 52  1651 1904 75 94  3240 3066 73 50  4566 2966 97 56  4797 2653 81 67  3265 2707 81 66  3956 2535 83 58  1633 2361 78 74  696 2981 89 60  4680 2749 60 93  3759 2435 82 62  1690 3155 93 44  3467 2840 62 71  2421 3351 79 47  2682 2687 88 41  4921 2906 72 45  
posimg/62.jpg 6 2912 1672 92 60  1380 1696 52 92  1572 2042 73 64  2702 863 65 75  2420 773 46 61  3043 1496 80 75  
posimg/525.jpg 2 3139 2329 55 66  2847 1421 80 73  
posimg/887.jpg 2 1549 604 50 62  2099 1282 54 61  
posimg/214.jpg 4 5265 303 50 72  3115 0 89 55  5462 681 55 69  5373 898 80 72  
posimg/306.jpg 10 3528 1206 56 68  3460 1263 49 74  4023 1423 54 68  3186 1363 62 57  2774 1391 65 76  3906 1733 57 98  3368 1860 65 46  4154 1470 65 49  3540 1507 71 93  4071 1677 54 64  
posimg/560.jpg 2 2432 947 69 89  4762 795 47 77  
posimg/403.jpg 9 3513 1839 79 50  3601 1416 85 41  3767 837 67 67  1602 1932 41 69  2200 2872 63 46  1663 1830 37 70  1604 2080 50 64  3775 1605 41 65  2110 2782 48 72  
posimg/654.jpg 4 3678 1121 66 69  3733 1025 67 45  3658 1224 87 49  3606 1084 52 70  
posimg/98.jpg 5 4828 1275 65 80  2438 1166 64 77  2628 1056 55 77  4735 1254 94 49  3942 1763 72 50  
posimg/897.jpg 2 3394 1378 49 85  3626 1446 68 70  
posimg/296.jpg 4 778 407 98 58  1133 0 58 58  90 1204 77 91  221 1268 61 60  
posimg/541.jpg 1 599 1734 90 91  
posimg/773.jpg 21 4963 954 60 65  4231 1363 63 97  2883 1454 81 50  3377 236 96 62  4498 727 83 81  4833 168 97 54  3830 506 74 88  1386 749 61 90  5268 1245 72 93  2756 450 92 48  2018 2369 88 88  3819 2438 94 71  3265 2759 65 93  3160 2264 99 51  1840 1108 71 49  5061 1267 51 79  2313 1230 48 77  1615 919 68 98  5516 1565 64 79  4369 2252 84 70  5041 2361 48 75  
posimg/219.jpg 14 3044 671 58 74  2317 1319 84 88  2494 894 53 96  2445 1701 70 54  3248 2445 68 73  2724 1267 70 72  2623 1583 91 84  3110 1220 93 60  2831 1565 78 63  1844 2217 91 49  1979 2433 91 58  1796 435 67 40  3303 593 55 70  3458 470 81 53  
posimg/686.jpg 24 2342 2971 70 48  3200 846 88 55  3572 11 87 58  2914 1622 68 40  3131 1017 64 50  2623 2436 64 37  3132 1068 53 66  2499 2648 86 90  3018 1313 74 71  3650 0 66 45  2662 2155 73 73  3044 1247 67 48  2969 1318 60 76  2588 2419 61 60  2787 1926 54 63  2740 2106 63 65  2472 2904 69 65  2604 2387 89 52  3279 700 73 44  3564 126 59 77  2804 1899 74 43  2572 2463 74 44  2569 2339 86 48  2518 2726 50 83  
posimg/663.jpg 2 4082 1496 76 64  3504 338 80 69  
posimg/861.jpg 6 1638 2120 72 66  1474 2658 91 53  1742 2873 65 64  1916 2944 87 70  2428 1538 82 71  1585 2006 61 50  
posimg/267.jpg 13 1229 2963 58 88  1740 2605 87 69  2160 2286 72 74  2433 2012 54 87  547 1860 82 53  1427 1890 98 63  1994 2610 81 54  1554 2948 62 43  1033 2043 81 70  588 1968 67 58  1651 2662 70 64  1541 1910 79 51  1410 3071 69 55  
posimg/682.jpg 2 4816 1685 66 92  3441 2101 59 80  
posimg/382.jpg 1 2848 707 66 80  
posimg/31.jpg 2 2412 1850 75 95  3384 1806 89 64  
posimg/285.jpg 1 3538 1839 74 44  
posimg/328.jpg 4 1784 1301 81 53  2092 355 89 64  1969 671 82 83  2089 1219 75 65  
posimg/355.jpg 3 1934 3114 53 74  3740 1159 67 88  4341 1496 59 61  
posimg/317.jpg 1 1706 1161 89 76  
posimg/449.jpg 3 2327 1563 79 93  2245 1358 58 86  2375 1589 49 66  
posimg/77.jpg 24 2740 1144 58 99  1548 634 68 49  3962 474 88 75  3990 2217 81 72  2284 2036 61 76  4341 1752 63 60  2883 1342 98 73  4472 2199 95 54  4962 623 29 69  3432 2408 96 50  3376 1150 91 65  3897 1217 74 85  1579 1160 83 53  3241 685 67 90  1510 1087 69 69  4515 587 81 55  2859 1129 59 75  3114 1370 59 90  3837 2624 79 55  4234 1858 84 71  4700 1040 83 90  3222 2505 51 69  1894 1452 81 67  4130 2537 75 62  
posimg/509.jpg 18 2846 2889 64 82  3091 1315 74 84  2744 1766 73 53  2456 2097 81 77  1991 1646 96 57  1403 2089 96 74  3069 2947 93 75  2228 2464 83 76  2428 1702 60 93  1806 2852 68 75  1765 2325 68 93  3204 2767 88 77  1307 1477 85 68  1352 1622 73 80  312 1223 55 90  3254 1991 49 91  1248 2486 87 48  1443 1288 56 62  
posimg/29.jpg 4 1043 2416 74 65  1250 2241 90 56  3036 1402 70 78  2876 1739 73 60  
posimg/127.jpg 7 2937 3077 82 39  2321 3687 68 42  322 2707 44 72  2985 3089 97 58  2294 3406 45 61  3055 2976 89 61  3332 2596 62 74  
posimg/762.jpg 4 1684 2083 56 69  1845 2449 62 49  1604 2402 72 44  1955 2501 61 41  
posimg/570.jpg 2 2171 1543 57 82  2653 1101 63 55  
posimg/559.jpg 2 3055 1346 60 68  1346 2424 80 49  
posimg/761.jpg 15 2016 1702 73 58  1861 2563 59 67  2838 1248 67 49  2115 1323 64 48  2416 1900 67 45  1754 2113 77 44  2150 1296 73 41  1746 1886 68 61  1673 1484 51 62  2102 1668 56 69  1436 1334 67 72  2357 1978 68 49  2335 2199 69 54  1962 2009 62 65  1814 2090 57 83  
posimg/926.jpg 1 845 1970 57 75  
posimg/60.jpg 2 3817 3220 64 70  4418 3177 43 95  
posimg/13.jpg 3 816 1743 92 79  911 1641 76 53  958 1687 62 66  
posimg/329.jpg 5 750 2221 75 53  1830 607 41 64  1505 1301 77 57  1798 2414 76 69  1534 1684 86 55  
posimg/870.jpg 1 4342 590 89 88  
posimg/165.jpg 2 4666 1626 69 69  4238 2010 52 65  
posimg/299.jpg 11 3610 672 71 71  3591 396 69 89  2787 166 67 82  4099 927 85 81  3128 1160 86 70  2430 206 76 96  2094 571 90 67  2644 1460 56 87  1871 2103 50 70  3266 2231 70 95  3240 3066 63 89  
posimg/547.jpg 3 2442 1699 85 69  1990 1634 98 83  2580 1691 57 72  
posimg/5.jpg 9 3849 1659 94 68  3922 2880 59 62  3014 2440 65 76  3066 1678 59 86  2957 2124 75 57  3517 1314 89 55  3322 739 89 56  3364 494 73 79  3450 3193 78 48  
posimg/361.jpg 16 1939 2159 95 49  3513 857 86 80  2894 3008 80 80  2083 3262 49 64  3484 1687 58 93  3230 2345 73 72  2598 1718 94 64  1998 2641 91 69  2910 1580 58 66  3658 1809 82 60  3032 1464 93 85  2896 1362 94 88  2350 2712 63 80  2246 1366 74 71  2611 354 57 97  3145 2051 76 80  
posimg/204.jpg 6 4564 1115 94 87  1180 1853 81 79  4759 1298 86 60  338 3300 47 93  4184 1149 74 81  377 3184 55 73  
posimg/232.jpg 5 2169 3020 78 89  1579 341 62 46  2073 2636 82 61  882 1724 86 74  2337 3060 64 49  
posimg/554.jpg 6 1504 2233 58 62  982 1338 75 87  2153 1215 75 83  1532 1398 65 72  2181 1155 86 56  1635 1407 81 65  
posimg/432.jpg 9 2494 2599 79 78  2548 2787 61 78  2313 1663 67 53  2348 2570 73 81  2384 1637 47 72  2156 1558 55 70  2571 1742 44 73  2215 1625 40 74  2170 1671 60 68  
posimg/59.jpg 7 2449 773 77 96  3353 2378 78 67  3274 2012 95 79  3902 2491 71 85  3269 655 91 84  4004 2206 61 79  2259 1936 79 83  
posimg/56.jpg 2 5541 2134 74 53  2790 853 64 72  
posimg/101.jpg 6 3125 1062 82 74  2833 1322 75 61  2788 1652 88 53  2948 1878 89 43  2519 1652 66 91  2429 1265 51 82  
posimg/134.jpg 3 2657 1848 63 57  3140 1725 69 57  2298 1080 81 73  
posimg/619.jpg 8 975 540 54 76  1563 436 71 84  1489 761 93 65  1239 330 84 57  860 915 88 48  1083 895 86 70  1306 858 74 51  1129 2010 64 68  
posimg/105.jpg 2 2042 686 57 70  1995 1144 52 73  
posimg/320.jpg 6 2663 2135 98 65  3052 1354 69 71  4249 1713 93 89  3798 2060 76 57  4298 2072 72 56  3327 1678 82 45  
posimg/658.jpg 4 4359 2372 53 92  4278 1262 63 71  4602 2179 68 48  4172 1283 69 41  
posimg/256.jpg 5 5370 0 70 89  2865 505 62 95  2846 851 71 53  2642 2252 99 66  2220 1598 89 75  
posimg/709.jpg 2 3204 1216 94 83  3622 1567 89 91  
posimg/911.jpg 2 3217 1363 52 64  3416 2911 85 60  
posimg/690.jpg 9 3656 1198 65 75  3528 1031 99 56  3400 1029 74 52  2195 2134 75 51  3479 1263 83 93  2004 2164 85 97  3089 1546 48 84  3213 907 77 51  1916 2513 73 47  
posimg/458.jpg 6 3746 1984 86 63  2102 3001 75 73  3460 1411 92 59  0 0 50 57  1914 3268 55 78  3076 1836 56 80  
posimg/826.jpg 2 1688 347 78 78  2021 314 44 70  
posimg/568.jpg 4 3081 1958 46 76  3611 2089 80 61  3751 1766 59 67  4940 1188 66 67  
posimg/706.jpg 4 3193 2190 64 92  3533 1915 60 82  3418 2979 83 73  3167 1791 61 66  
posimg/422.jpg 4 1669 1170 75 71  2318 1866 66 48  1678 742 80 68  1604 2049 73 88  
posimg/631.jpg 4 3030 1907 69 88  2873 2463 75 74  2776 2900 60 71  2689 2201 72 66  
posimg/822.jpg 30 4520 1136 95 57  2820 631 99 64  4614 1808 72 92  2819 1444 76 87  1187 1285 66 63  5424 2619 97 59  5001 1799 61 92  4796 962 75 62  3030 1109 93 58  4438 3404 71 86  5517 3574 60 86  3485 1931 63 87  5104 785 73 87  4594 3032 81 79  4462 1557 92 72  4138 1091 97 65  1570 52 53 92  1691 562 58 82  4640 923 69 79  4366 1994 88 43  4489 846 72 68  3915 1719 94 76  4911 923 78 55  1999 562 74 88  2316 231 95 54  3047 434 86 77  987 451 67 88  3902 3415 59 87  2519 704 45 64  517 828 69 55  
posimg/221.jpg 1 1980 1208 78 91  
posimg/716.jpg 8 1790 1533 58 82  756 710 89 60  798 1006 84 82  606 1575 92 82  444 1374 69 49  743 1881 75 54  842 895 83 97  1030 1175 62 74  
posimg/548.jpg 1 2139 1220 84 67  